=== dialog 32811 window 245x305 client 229x266 at 510,197 in the frame
Edit|1470|70|17|46|20|50010080|0|1|
Button|1|121|15|96|23|50010001|0|1|指定倍率表示
Button|1089|11|42|96|23|50010000|0|1|倍率 ＝  １．０ 
Static|65535|11|20|54|12|50020000|0|1|指定倍率
Button|1090|11|68|207|23|58010000|0|0|目盛　表示最小倍率
Button|2104|11|227|161|15|50000003|0|1|【 文 字 枠 】    を表示する
Button|2103|11|245|161|15|50000003|0|1|文字のスペースを表示する
Button|1323|11|155|42|15|50000003|0|1|〔1〕
Button|1324|65|155|42|15|50000003|0|1|〔2〕
Button|1325|123|155|42|15|50000003|0|1|〔3〕
Button|1326|179|155|49|15|50000003|0|1|〔4〕
Static|1931|11|123|207|12|50020001|0|1|マークジャンプ範囲登録　〔1〕～〔4〕
Static|65535|11|179|207|12|50020001|0|1|マークジャンプ（登録範囲表示）
Button|1064|11|194|40|21|50010001|0|1|〔1〕
Button|1065|67|194|40|21|50010001|0|1|〔2〕
Button|1066|121|194|40|21|50010001|0|1|〔3〕
Button|1067|177|194|40|21|50010001|0|1|〔4〕
Button|1091|121|42|96|23|50010000|0|1|用紙全体表示
Button|1068|11|93|98|24|58010001|0|0|表示範囲記憶
Button|1069|121|93|96|24|58010001|0|0|記憶解除
Button|1933|177|225|40|35|50012001|0|1|設定 OK
Button|1327|40|137|177|15|50000003|0|1|レイヤグループ同時登録
