=== command 332771_0
ToolbarWindow32|59397|-2|0|833|34|5400004e|0|1|条件設定
#32770|0|6|5|809|24|50000044|0|1|
Button|1332|18|11|46|12|50010c03|0|1|矩形
Button|1333|71|11|81|12|50010003|1|1|水平･垂直
Static|-1|288|11|30|12|50020000|0|1|寸法
Static|-1|157|11|28|12|50020000|0|1|傾き
ComboBox|1412|319|8|110|20|50010642|0|1|
Edit|1001|322|11|87|14|50000380|0|1|
ComboBox|1411|185|8|98|20|50010242|0|1|
Edit|1001|188|11|75|14|50000380|0|1|
Button|1336|435|11|61|12|50010003|0|1|１５度毎
Button|1348|501|11|14|12|50010003|0|1|  
Button|1349|587|11|14|12|50010003|0|1|  
Button|1836|517|5|63|24|58010f00|0|0|●－－－
Button|1837|603|5|65|24|58010f00|0|0|＜－－－
Button|1350|678|11|56|12|50010003|0|1|寸法値
Button|1351|750|11|32|12|50010003|0|1|＜
=== command 332771_1
ToolbarWindow32|59397|-2|0|833|34|5400004e|0|1|条件設定
#32770|0|6|5|809|24|50000044|0|1|
Button|1332|18|11|46|12|50010c03|0|1|矩形
Button|1333|71|11|81|12|50010003|1|1|水平･垂直
Static|-1|288|11|30|12|50020000|0|1|寸法
Static|-1|157|11|28|12|50020000|0|1|傾き
ComboBox|1412|319|8|110|20|50010642|0|1|
Edit|1001|322|11|87|14|50000380|0|1|
ComboBox|1411|185|8|98|20|50010242|0|1|
Edit|1001|188|11|75|14|50000380|0|1|
Button|1336|435|11|61|12|50010003|0|1|１５度毎
Button|1348|501|11|14|12|50010003|0|1|  
Button|1349|587|11|14|12|50010003|0|1|  
Button|1836|517|5|63|24|58010f00|0|0|●－－－
Button|1837|603|5|65|24|58010f00|0|0|＜－－－
Button|1350|678|11|56|12|50010003|0|1|寸法値
Button|1351|750|11|32|12|50010003|0|1|＜
=== command 332771_2
ToolbarWindow32|59397|-2|0|833|34|5400004e|0|1|条件設定
#32770|0|6|5|809|24|50000044|0|1|
Button|1332|18|11|46|12|50010c03|0|1|矩形
Button|1333|71|11|81|12|50010003|1|1|水平･垂直
Static|-1|288|11|30|12|50020000|0|1|寸法
Static|-1|157|11|28|12|50020000|0|1|傾き
ComboBox|1412|319|8|110|20|50010642|0|1|
Edit|1001|322|11|87|14|50000380|0|1|
ComboBox|1411|185|8|98|20|50010242|0|1|
Edit|1001|188|11|75|14|50000380|0|1|
Button|1336|435|11|61|12|50010003|0|1|１５度毎
Button|1348|501|11|14|12|50010003|0|1|  
Button|1349|587|11|14|12|50010003|0|1|  
Button|1836|517|5|63|24|58010f00|0|0|●－－－
Button|1837|603|5|65|24|58010f00|0|0|＜－－－
Button|1350|678|11|56|12|50010003|0|1|寸法値
Button|1351|750|11|32|12|50010003|0|1|＜
=== command 332771_3
ToolbarWindow32|59397|-2|0|833|34|5400004e|0|1|条件設定
#32770|0|6|5|809|24|50000044|0|1|
Button|1332|18|11|46|12|50010c03|0|1|矩形
Button|1333|71|11|81|12|50010003|1|1|水平･垂直
Static|-1|288|11|30|12|50020000|0|1|寸法
Static|-1|157|11|28|12|50020000|0|1|傾き
ComboBox|1412|319|8|110|20|50010642|0|1|
Edit|1001|322|11|87|14|50000380|0|1|
ComboBox|1411|185|8|98|20|50010242|0|1|
Edit|1001|188|11|75|14|50000380|0|1|
Button|1336|435|11|61|12|50010003|0|1|１５度毎
Button|1348|501|11|14|12|50010003|0|1|  
Button|1349|587|11|14|12|50010003|0|1|  
Button|1836|517|5|63|24|58010f00|0|0|●－－－
Button|1837|603|5|65|24|58010f00|0|0|＜－－－
Button|1350|678|11|56|12|50010003|0|1|寸法値
Button|1351|750|11|32|12|50010003|0|1|＜
=== command 332771_4
ToolbarWindow32|59397|-2|0|833|34|5400004e|0|1|条件設定
#32770|0|6|5|809|24|50000044|0|1|
Button|1332|18|11|46|12|50010c03|0|1|矩形
Button|1333|71|11|81|12|50010003|1|1|水平･垂直
Static|-1|288|11|30|12|50020000|0|1|寸法
Static|-1|157|11|28|12|50020000|0|1|傾き
ComboBox|1412|319|8|110|20|50010642|0|1|
Edit|1001|322|11|87|14|50000380|0|1|
ComboBox|1411|185|8|98|20|50010242|0|1|
Edit|1001|188|11|75|14|50000380|0|1|
Button|1336|435|11|61|12|50010003|0|1|１５度毎
Button|1348|501|11|14|12|50010003|0|1|  
Button|1349|587|11|14|12|50010003|0|1|  
Button|1836|517|5|63|24|58010f00|0|0|●－－－
Button|1837|603|5|65|24|58010f00|0|0|＜－－－
Button|1350|678|11|56|12|50010003|0|1|寸法値
Button|1351|750|11|32|12|50010003|0|1|＜
=== command 332772_0
ToolbarWindow32|59397|-2|0|833|34|5400004e|0|1|条件設定
#32770|0|6|5|809|24|50000044|0|1|
Button|1332|18|11|46|12|50010c03|1|1|矩形
Button|1333|71|11|81|12|50010003|0|1|水平･垂直
Static|-1|288|11|30|12|50020000|0|1|寸法
Static|-1|157|11|28|12|50020000|0|1|傾き
ComboBox|1411|185|8|98|20|50010242|0|1|
Edit|1001|188|11|75|14|50000380|0|1|
ComboBox|1413|319|8|166|20|50010642|0|1|
Edit|1001|322|11|143|14|50000380|0|1|
ComboBox|1417|692|8|79|20|50010242|0|1|
Edit|1001|695|11|56|14|50000380|0|1|
Static|1935|661|11|30|12|50020000|0|1|多重
Button|1334|505|11|61|12|50010c03|0|1|ソリッド
=== command 332772_1
ToolbarWindow32|59397|-2|0|833|34|5400004e|0|1|条件設定
#32770|0|6|5|809|24|50000044|0|1|
Button|1332|18|11|46|12|50010c03|1|1|矩形
Button|1333|71|11|81|12|50010003|0|1|水平･垂直
Static|-1|288|11|30|12|50020000|0|1|寸法
Static|-1|157|11|28|12|50020000|0|1|傾き
ComboBox|1411|185|8|98|20|50010242|0|1|
Edit|1001|188|11|75|14|50000380|0|1|
ComboBox|1413|319|8|166|20|50010642|0|1|
Edit|1001|322|11|143|14|50000380|0|1|
ComboBox|1417|692|8|79|20|50010242|0|1|
Edit|1001|695|11|56|14|50000380|0|1|
Static|1935|661|11|30|12|50020000|0|1|多重
Button|1334|505|11|61|12|50010c03|0|1|ソリッド
=== command 332772_2
ToolbarWindow32|59397|-2|0|833|34|5400004e|0|1|条件設定
#32770|0|6|5|809|24|50000044|0|1|
Button|1332|18|11|46|12|50010c03|1|1|矩形
Button|1333|71|11|81|12|50010003|0|1|水平･垂直
Static|-1|288|11|30|12|50020000|0|1|寸法
Static|-1|157|11|28|12|50020000|0|1|傾き
ComboBox|1411|185|8|98|20|50010242|0|1|
Edit|1001|188|11|75|14|50000380|0|1|
ComboBox|1413|319|8|166|20|50010642|0|1|
Edit|1001|322|11|143|14|50000380|0|1|
ComboBox|1417|692|8|79|20|50010242|0|1|
Edit|1001|695|11|56|14|50000380|0|1|
Static|1935|661|11|30|12|50020000|0|1|多重
Button|1334|505|11|61|12|50010c03|0|1|ソリッド
=== command 332772_3
ToolbarWindow32|59397|-2|0|833|34|5400004e|0|1|条件設定
#32770|0|6|5|809|24|50000044|0|1|
Button|1332|18|11|46|12|50010c03|1|1|矩形
Button|1333|71|11|81|12|50010003|0|1|水平･垂直
Static|-1|288|11|30|12|50020000|0|1|寸法
Static|-1|157|11|28|12|50020000|0|1|傾き
ComboBox|1411|185|8|98|20|50010242|0|1|
Edit|1001|188|11|75|14|50000380|0|1|
ComboBox|1413|319|8|166|20|50010642|0|1|
Edit|1001|322|11|143|14|50000380|0|1|
ComboBox|1417|692|8|79|20|50010242|0|1|
Edit|1001|695|11|56|14|50000380|0|1|
Static|1935|661|11|30|12|50020000|0|1|多重
Button|1334|505|11|61|12|50010c03|0|1|ソリッド
=== command 332772_4
ToolbarWindow32|59397|-2|0|833|34|5400004e|0|1|条件設定
#32770|0|6|5|809|24|50000044|0|1|
Button|1332|18|11|46|12|50010c03|1|1|矩形
Button|1333|71|11|81|12|50010003|0|1|水平･垂直
Static|-1|288|11|30|12|50020000|0|1|寸法
Static|-1|157|11|28|12|50020000|0|1|傾き
ComboBox|1411|185|8|98|20|50010242|0|1|
Edit|1001|188|11|75|14|50000380|0|1|
ComboBox|1413|319|8|166|20|50010642|0|1|
Edit|1001|322|11|143|14|50000380|0|1|
ComboBox|1417|692|8|79|20|50010242|0|1|
Edit|1001|695|11|56|14|50000380|0|1|
Static|1935|661|11|30|12|50020000|0|1|多重
Button|1334|505|11|61|12|50010c03|0|1|ソリッド
=== command 332773_0
ToolbarWindow32|59397|-2|0|833|34|5400004e|0|1|条件設定
#32770|0|6|5|809|24|50000044|0|1|
Static|1747|134|11|30|12|50020000|0|1|半径
Static|1748|269|10|40|12|50020000|0|1|扁平率
Static|1749|382|11|26|12|50020000|0|1|傾き
Button|1318|8|11|46|12|50010003|0|1|円弧
ComboBox|1411|167|8|96|20|50010642|0|1|
Edit|1001|170|11|73|14|50000380|0|1|
ComboBox|1412|311|8|65|20|50010242|0|1|
Edit|1001|314|11|42|14|50000380|0|1|
ComboBox|1413|410|8|86|20|50010242|0|1|
Edit|1001|413|11|63|14|50000380|0|1|
Button|1319|55|11|72|12|58010003|0|0|終点半径
Button|1320|547|11|47|12|50010003|0|1|半円
Button|1321|599|11|67|12|50010003|0|1|３点指示
Button|1064|503|5|39|24|50010000|0|1|基点
ComboBox|1417|718|8|72|20|50010242|0|1|
Edit|1001|721|11|49|14|50000380|0|1|
Static|1751|675|11|40|12|50020002|0|1|多重円
=== command 332773_1
ToolbarWindow32|59397|-2|0|833|34|5400004e|0|1|条件設定
#32770|0|6|5|809|24|50000044|0|1|
Static|1747|134|11|30|12|50020000|0|1|半径
Static|1748|269|10|40|12|50020000|0|1|扁平率
Static|1749|382|11|26|12|50020000|0|1|傾き
Button|1318|8|11|46|12|50010003|0|1|円弧
ComboBox|1411|167|8|96|20|50010642|0|1|
Edit|1001|170|11|73|14|50000380|0|1|
ComboBox|1412|311|8|65|20|50010242|0|1|
Edit|1001|314|11|42|14|50000380|0|1|
ComboBox|1413|410|8|86|20|50010242|0|1|
Edit|1001|413|11|63|14|50000380|0|1|
Button|1319|55|11|72|12|58010003|0|0|終点半径
Button|1320|547|11|47|12|50010003|0|1|半円
Button|1321|599|11|67|12|50010003|0|1|３点指示
Button|1064|503|5|39|24|50010000|0|1|基点
ComboBox|1417|718|8|72|20|50010242|0|1|
Edit|1001|721|11|49|14|50000380|0|1|
Static|1751|675|11|40|12|50020002|0|1|多重円
=== command 332773_2
ToolbarWindow32|59397|-2|0|833|34|5400004e|0|1|条件設定
#32770|0|6|5|809|24|50000044|0|1|
Static|1747|134|11|30|12|50020000|0|1|半径
Static|1748|269|10|40|12|50020000|0|1|扁平率
Static|1749|382|11|26|12|50020000|0|1|傾き
Button|1318|8|11|46|12|50010003|0|1|円弧
ComboBox|1411|167|8|96|20|50010642|0|1|
Edit|1001|170|11|73|14|50000380|0|1|
ComboBox|1412|311|8|65|20|50010242|0|1|
Edit|1001|314|11|42|14|50000380|0|1|
ComboBox|1413|410|8|86|20|50010242|0|1|
Edit|1001|413|11|63|14|50000380|0|1|
Button|1319|55|11|72|12|58010003|0|0|終点半径
Button|1320|547|11|47|12|50010003|0|1|半円
Button|1321|599|11|67|12|50010003|0|1|３点指示
Button|1064|503|5|39|24|50010000|0|1|基点
ComboBox|1417|718|8|72|20|50010242|0|1|
Edit|1001|721|11|49|14|50000380|0|1|
Static|1751|675|11|40|12|50020002|0|1|多重円
=== command 332773_3
ToolbarWindow32|59397|-2|0|833|34|5400004e|0|1|条件設定
#32770|0|6|5|809|24|50000044|0|1|
Static|1747|134|11|30|12|50020000|0|1|半径
Static|1748|269|10|40|12|50020000|0|1|扁平率
Static|1749|382|11|26|12|50020000|0|1|傾き
Button|1318|8|11|46|12|50010003|0|1|円弧
ComboBox|1411|167|8|96|20|50010642|0|1|
Edit|1001|170|11|73|14|50000380|0|1|
ComboBox|1412|311|8|65|20|50010242|0|1|
Edit|1001|314|11|42|14|50000380|0|1|
ComboBox|1413|410|8|86|20|50010242|0|1|
Edit|1001|413|11|63|14|50000380|0|1|
Button|1319|55|11|72|12|58010003|0|0|終点半径
Button|1320|547|11|47|12|50010003|0|1|半円
Button|1321|599|11|67|12|50010003|0|1|３点指示
Button|1064|503|5|39|24|50010000|0|1|基点
ComboBox|1417|718|8|72|20|50010242|0|1|
Edit|1001|721|11|49|14|50000380|0|1|
Static|1751|675|11|40|12|50020002|0|1|多重円
=== command 332773_4
ToolbarWindow32|59397|-2|0|833|34|5400004e|0|1|条件設定
#32770|0|6|5|809|24|50000044|0|1|
Static|1747|134|11|30|12|50020000|0|1|半径
Static|1748|269|10|40|12|50020000|0|1|扁平率
Static|1749|382|11|26|12|50020000|0|1|傾き
Button|1318|8|11|46|12|50010003|0|1|円弧
ComboBox|1411|167|8|96|20|50010642|0|1|
Edit|1001|170|11|73|14|50000380|0|1|
ComboBox|1412|311|8|65|20|50010242|0|1|
Edit|1001|314|11|42|14|50000380|0|1|
ComboBox|1413|410|8|86|20|50010242|0|1|
Edit|1001|413|11|63|14|50000380|0|1|
Button|1319|55|11|72|12|58010003|0|0|終点半径
Button|1320|547|11|47|12|50010003|0|1|半円
Button|1321|599|11|67|12|50010003|0|1|３点指示
Button|1064|503|5|39|24|50010000|0|1|基点
ComboBox|1417|718|8|72|20|50010242|0|1|
Edit|1001|721|11|49|14|50000380|0|1|
Static|1751|675|11|40|12|50020002|0|1|多重円
=== command 332800_0
ToolbarWindow32|59397|-2|0|833|34|5400004e|0|1|条件設定
#32770|0|6|5|809|24|50000044|0|1|
Static|-1|10|10|56|15|50020001|0|1|複線間隔
ComboBox|1411|69|8|109|20|50010242|0|1|
Edit|1001|72|11|86|14|50000380|0|1|
Button|1064|181|5|32|24|58010000|0|0|連続
Button|1065|218|5|58|24|58010000|0|0|端点指定
Button|1066|279|5|72|24|58010000|0|0|連続線選択
Button|1067|356|5|61|24|50010000|0|1|範囲選択
Button|1068|423|5|60|24|58010000|0|0|両側複線
Button|1069|486|5|96|24|58010000|0|0|留線付両側複線
Static|2517|584|11|40|15|58020002|0|0|留線出
ComboBox|1412|626|10|63|20|58010242|0|0|
Edit|1001|629|13|40|14|58000380|0|0|
Button|1323|696|11|44|12|50010003|0|1|移動
=== command 332800_1
ToolbarWindow32|59397|-2|0|833|34|5400004e|0|1|条件設定
#32770|0|6|5|809|24|50000044|0|1|
Static|-1|10|10|56|15|50020001|0|1|複線間隔
ComboBox|1411|69|8|109|20|50010242|0|1|
Edit|1001|72|11|86|14|50000380|0|1|
Button|1064|181|5|32|24|58010000|0|0|連続
Button|1065|218|5|58|24|58010000|0|0|端点指定
Button|1066|279|5|72|24|58010000|0|0|連続線選択
Button|1067|356|5|61|24|50010000|0|1|範囲選択
Button|1068|423|5|60|24|58010000|0|0|両側複線
Button|1069|486|5|96|24|58010000|0|0|留線付両側複線
Static|2517|584|11|40|15|58020002|0|0|留線出
ComboBox|1412|626|10|63|20|58010242|0|0|
Edit|1001|629|13|40|14|58000380|0|0|
Button|1323|696|11|44|12|50010003|0|1|移動
=== command 332800_2
ToolbarWindow32|59397|-2|0|833|34|5400004e|0|1|条件設定
#32770|0|6|5|809|24|50000044|0|1|
Static|-1|10|10|56|15|50020001|0|1|複線間隔
ComboBox|1411|69|8|109|20|50010242|0|1|
Edit|1001|72|11|86|14|50000380|0|1|
Button|1064|181|5|32|24|58010000|0|0|連続
Button|1065|218|5|58|24|50010000|0|1|端点指定
Button|1066|279|5|72|24|50010000|0|1|連続線選択
Button|1067|356|5|61|24|50010000|0|1|範囲選択
Button|1068|423|5|60|24|50010000|0|1|両側複線
Button|1069|486|5|96|24|50010000|0|1|留線付両側複線
Static|2517|584|11|40|15|50020002|0|1|留線出
ComboBox|1412|626|10|63|20|50010242|0|1|
Edit|1001|629|13|40|14|50000380|0|1|
Button|1323|696|11|44|12|50010003|0|1|移動
=== command 332800_3
ToolbarWindow32|59397|-2|0|833|34|5400004e|0|1|条件設定
#32770|0|6|5|809|24|50000044|0|1|
Static|-1|10|10|56|15|50020001|0|1|複線間隔
ComboBox|1411|69|8|109|20|50010242|0|1|
Edit|1001|72|11|86|14|50000380|0|1|
Button|1064|181|5|32|24|50010000|0|1|連続
Button|1065|218|5|58|24|58010000|0|0|端点指定
Button|1066|279|5|72|24|58010000|0|0|連続線選択
Button|1067|356|5|61|24|50010000|0|1|範囲選択
Button|1068|423|5|60|24|58010000|0|0|両側複線
Button|1069|486|5|96|24|58010000|0|0|留線付両側複線
Static|2517|584|11|40|15|58020002|0|0|留線出
ComboBox|1412|626|10|63|20|58010242|0|0|
Edit|1001|629|13|40|14|58000380|0|0|
Button|1323|696|11|44|12|50010003|0|1|移動
=== command 332800_4
ToolbarWindow32|59397|-2|0|833|34|5400004e|0|1|条件設定
#32770|0|6|5|809|24|50000044|0|1|
Static|-1|10|10|56|15|50020001|0|1|複線間隔
ComboBox|1411|69|8|109|20|50010242|0|1|
Edit|1001|72|11|86|14|50000380|0|1|
Button|1064|181|5|32|24|50010000|0|1|連続
Button|1065|218|5|58|24|58010000|0|0|端点指定
Button|1066|279|5|72|24|58010000|0|0|連続線選択
Button|1067|356|5|61|24|50010000|0|1|範囲選択
Button|1068|423|5|60|24|58010000|0|0|両側複線
Button|1069|486|5|96|24|58010000|0|0|留線付両側複線
Static|2517|584|11|40|15|58020002|0|0|留線出
ComboBox|1412|626|10|63|20|58010242|0|0|
Edit|1001|629|13|40|14|58000380|0|0|
Button|1323|696|11|44|12|50010003|0|1|移動
=== command 332847_0
ToolbarWindow32|59397|-2|0|833|34|5400004e|0|1|条件設定
#32770|0|6|5|809|24|50000044|0|1|
Static|1758|8|11|28|12|50020000|0|1|傾き
ComboBox|1411|34|8|68|20|50010242|0|1|
Edit|1001|37|11|45|14|50000380|0|1|
Button|1064|211|5|53|24|50010000|0|1|リセット
Button|1065|269|5|35|24|50018000|0|1|半径
Button|1061|585|5|63|24|50010000|0|1|小数桁 2
Button|1062|417|5|68|24|50010000|0|1|端部 ●
Button|1071|542|5|42|24|50018000|0|1|設定
Button|1072|694|5|63|24|58010f00|0|0|一括処理
Button|1120|760|5|35|24|58010f00|0|0|実行
Button|1067|340|5|37|24|50018000|0|1|円周
Button|1068|379|5|35|24|50018000|0|1|角度
Button|1069|489|5|51|24|50018000|0|1|寸法値
Button|1060|146|5|60|24|50010000|0|1|＝
Button|1059|104|5|40|24|50010000|0|1|0ﾟ/90ﾟ
Button|1070|654|5|37|24|50018000|0|1|累進
Button|1066|305|5|33|24|50018000|0|1|直径
=== command 332847_1
ToolbarWindow32|59397|-2|0|833|34|5400004e|0|1|条件設定
#32770|0|6|5|809|24|50000044|0|1|
Static|1758|8|11|28|12|50020000|0|1|傾き
ComboBox|1411|34|8|68|20|50010242|0|1|
Edit|1001|37|11|45|14|50000380|0|1|
Button|1064|211|5|53|24|50010000|0|1|リセット
Button|1065|269|5|35|24|50018000|0|1|半径
Button|1061|585|5|63|24|50010000|0|1|小数桁 2
Button|1062|417|5|68|24|50010000|0|1|端部 ●
Button|1071|542|5|42|24|50018000|0|1|設定
Button|1072|694|5|63|24|58010f00|0|0|一括処理
Button|1120|760|5|35|24|58010f00|0|0|実行
Button|1067|340|5|37|24|50018000|0|1|円周
Button|1068|379|5|35|24|50018000|0|1|角度
Button|1069|489|5|51|24|50018000|0|1|寸法値
Button|1060|146|5|60|24|58010000|0|0|＝
Button|1059|104|5|40|24|50010000|0|1|0ﾟ/90ﾟ
Button|1070|654|5|37|24|50018000|0|1|累進
Button|1066|305|5|33|24|50018000|0|1|直径
=== command 332847_2
ToolbarWindow32|59397|-2|0|833|34|5400004e|0|1|条件設定
#32770|0|6|5|809|24|50000044|0|1|
Static|1758|8|11|28|12|50020000|0|1|傾き
ComboBox|1411|34|8|68|20|50010242|0|1|
Edit|1001|37|11|45|14|50000380|0|1|
Button|1064|211|5|53|24|50010000|0|1|リセット
Button|1065|269|5|35|24|50018000|0|1|半径
Button|1061|585|5|63|24|50010000|0|1|小数桁 2
Button|1062|417|5|68|24|50010000|0|1|端部 ●
Button|1071|542|5|42|24|50018000|0|1|設定
Button|1072|694|5|63|24|50010f00|0|1|一括処理
Button|1120|760|5|35|24|58010f00|0|0|実行
Button|1067|340|5|37|24|50018000|0|1|円周
Button|1068|379|5|35|24|50018000|0|1|角度
Button|1069|489|5|51|24|50018000|0|1|寸法値
Button|1060|146|5|60|24|50010000|0|1|引出角 0
Button|1059|104|5|40|24|50010000|0|1|0ﾟ/90ﾟ
Button|1070|654|5|37|24|50018000|0|1|累進
Button|1066|305|5|33|24|50018000|0|1|直径
=== command 332847_3
ToolbarWindow32|59397|-2|0|833|34|5400004e|0|1|条件設定
#32770|0|6|5|809|24|50000044|0|1|
Static|1758|8|11|28|12|50020000|0|1|傾き
ComboBox|1411|34|8|68|20|50010242|0|1|
Edit|1001|37|11|45|14|50000380|0|1|
Button|1064|211|5|53|24|50010000|0|1|リセット
Button|1065|269|5|35|24|50018000|0|1|半径
Button|1061|585|5|63|24|50010000|0|1|小数桁 2
Button|1062|417|5|68|24|50010000|0|1|端部 ●
Button|1071|542|5|42|24|50018000|0|1|設定
Button|1072|694|5|63|24|50010f00|0|1|一括処理
Button|1120|760|5|35|24|58010f00|0|0|実行
Button|1067|340|5|37|24|50018000|0|1|円周
Button|1068|379|5|35|24|50018000|0|1|角度
Button|1069|489|5|51|24|50018000|0|1|寸法値
Button|1060|146|5|60|24|50010000|0|1|引出角 0
Button|1059|104|5|40|24|50010000|0|1|0ﾟ/90ﾟ
Button|1070|654|5|37|24|50018000|0|1|累進
Button|1066|305|5|33|24|50018000|0|1|直径
=== command 332847_4
ToolbarWindow32|59397|-2|0|833|34|5400004e|0|1|条件設定
#32770|0|6|5|809|24|50000044|0|1|
Static|1758|8|11|28|12|50020000|0|1|傾き
ComboBox|1411|34|8|68|20|50010242|0|1|
Edit|1001|37|11|45|14|50000380|0|1|
Button|1064|211|5|53|24|50010000|0|1|リセット
Button|1065|269|5|35|24|50018000|0|1|半径
Button|1061|585|5|63|24|50010000|0|1|小数桁 2
Button|1062|417|5|68|24|50010000|0|1|端部 ●
Button|1071|542|5|42|24|50018000|0|1|設定
Button|1072|694|5|63|24|50010f00|0|1|一括処理
Button|1120|760|5|35|24|58010f00|0|0|実行
Button|1067|340|5|37|24|50018000|0|1|円周
Button|1068|379|5|35|24|50018000|0|1|角度
Button|1069|489|5|51|24|50018000|0|1|寸法値
Button|1060|146|5|60|24|50010000|0|1|引出角 0
Button|1059|104|5|40|24|50010000|0|1|0ﾟ/90ﾟ
Button|1070|654|5|37|24|50018000|0|1|累進
Button|1066|305|5|33|24|50018000|0|1|直径
