=== command 32862
ToolbarWindow32|59397|-2|0|833|34|5400004e|0|1|条件設定
#32770|0|6|5|809|24|50000044|0|1|
Button|1065|11|5|68|24|50010001|0|1|図形選択
Button|1067|83|5|61|24|50010000|0|1|作図属性
Static|-1|150|11|28|12|50020001|0|1|倍率
ComboBox|1431|181|8|88|20|50010242|0|1|
Edit|1001|184|11|65|14|50000380|0|1|
Static|-1|276|11|42|12|50020001|0|1|回転角
ComboBox|1412|319|8|81|20|50010242|0|1|
Edit|1001|322|11|58|14|50000380|0|1|
Button|1064|407|5|51|24|50010000|0|1|90ﾟ毎
Button|1068|459|5|61|24|50010000|0|1|マウス角
Button|2865|717|7|86|17|50010003|0|1|グループ化
