=== command 232772_1334
ToolbarWindow32|59397|-2|0|833|34|5400004e|0|1|条件設定
#32770|0|6|5|809|24|50000044|0|1|
Button|1332|18|11|46|12|50010c03|1|1|矩形
Button|1333|71|11|81|12|50010003|0|1|水平･垂直
Static|-1|288|11|30|12|50020000|0|1|寸法
Static|-1|157|11|28|12|50020000|0|1|傾き
ComboBox|1411|185|8|98|20|50010242|0|1|
Edit|1001|188|11|75|14|50000380|0|1|
ComboBox|1413|319|8|166|20|50010642|0|1|
Edit|1001|322|11|143|14|50000380|0|1|
Button|1334|505|11|61|12|50010c03|1|1|ソリッド
Button|1335|566|11|61|12|50010c03|0|1|(対角線)
Button|2553|654|11|61|12|50010003|0|1|任意色
Button|2552|720|5|42|24|5001000b|0|1|
