=== command 132804
ToolbarWindow32|59397|-2|0|833|34|5400004e|0|1|条件設定
#32770|0|6|5|809|24|50000044|0|1|
Static|1763|251|11|26|12|50020001|0|1|倍率
ComboBox|1411|279|7|89|20|50010242|0|1|
Edit|1001|282|10|66|14|50000380|0|1|
Static|1752|374|11|37|12|50020001|0|1|回転角
ComboBox|1412|414|7|79|20|50010242|0|1|
Edit|1001|417|10|56|14|50000380|0|1|
Button|1064|494|5|35|24|58010f00|0|0|連続
Button|2092|13|8|49|18|50010003|1|1|複写
Button|1066|195|5|54|24|50010000|0|1|基点変更
Static|1760|531|11|54|12|50000001|0|1|数値位置
ComboBox|1413|585|7|93|20|50010242|0|1|
Edit|1001|588|10|70|14|50000380|0|1|
Button|1067|680|5|33|24|50010000|0|1|反転
Button|1151|137|5|56|24|50010000|0|1|任意方向
Button|1069|715|5|54|24|50010000|0|1|ﾏｳｽ倍率
Button|1070|83|5|53|24|50010000|0|1|作図属性
Button|1071|769|5|18|24|50010300|0|1|角
Button|1072|64|5|18|24|58010300|0|0|/
=== command 132918
ToolbarWindow32|59397|-2|0|833|34|5400004e|0|1|条件設定
#32770|0|6|5|809|24|50000044|0|1|
Static|1763|251|11|26|12|50020001|0|1|倍率
ComboBox|1411|279|7|89|20|50010242|0|1|
Edit|1001|282|10|66|14|50000380|0|1|
Static|1752|374|11|37|12|50020001|0|1|回転角
ComboBox|1412|414|7|79|20|50010242|0|1|
Edit|1001|417|10|56|14|50000380|0|1|
Button|1064|494|5|35|24|58010f00|0|0|連続
Button|2092|13|8|49|18|50010003|0|1|複写
Button|1066|195|5|54|24|50010000|0|1|基点変更
Static|1760|531|11|54|12|50000001|0|1|数値位置
ComboBox|1413|585|7|93|20|50010242|0|1|
Edit|1001|588|10|70|14|50000380|0|1|
Button|1067|680|5|33|24|50010000|0|1|反転
Button|1151|137|5|56|24|50010000|0|1|任意方向
Button|1069|715|5|54|24|50010000|0|1|ﾏｳｽ倍率
Button|1070|83|5|53|24|50010000|0|1|作図属性
Button|1071|769|5|18|24|50010300|0|1|角
Button|1072|64|5|18|24|58010300|0|0|/
=== command 132910
ToolbarWindow32|59397|-2|0|833|34|5400004e|0|1|条件設定
#32770|0|6|5|809|24|50000044|0|1|
Button|1064|6|5|82|24|50018f01|0|1|重複 整理
Button|1065|90|5|82|24|50018f00|0|1|連結 整理
Button|1066|174|5|82|24|50018f00|0|1|線ソート
Button|1067|258|5|82|24|50018f00|0|1|線ｿｰﾄ(色別)
Button|1068|347|5|82|24|50018f00|0|1|色順整理
Button|1069|437|5|82|24|50018f00|0|1|文字角度整理
Button|1072|689|5|82|24|50018f00|0|1|範囲選択
