=== sub dialog of 32891 button 1059 class "#32770" title "色の設定" window 545x384 client 529x345
Static|65535|7|8|245|17|50020000|0|1|基本色(&B):
Static|720|7|26|245|161|5003000b|0|1|
Static|65535|7|199|245|17|50020000|0|1|作成した色(&C):
Static|721|7|218|245|53|5003000b|0|1|
Button|719|7|281|242|26|58030000|0|0|色の作成(&D) >>
Button|1|7|311|77|26|50030001|0|1|OK
Button|2|91|311|77|26|50030000|0|1|キャンセル
Button|1038|175|311|77|26|48030000|0|0|ヘルプ(&H)
Static|710|266|8|207|218|5000100b|0|1|
Static|702|490|8|14|218|5000100b|0|1|
Static|709|266|233|70|49|5000100b|0|1|
Button|713|518|375|11|26|50020000|0|1|O(&O)
Static|730|266|285|19|17|50020002|0|1|色
Static|731|292|285|53|17|50020000|0|1|\x7c 純色(&O)
Static|723|340|236|67|17|50020002|0|1|色合い(&E):
Edit|703|408|233|32|23|50030000|0|1|
Static|724|340|263|67|17|50020002|0|1|鮮やかさ(&S):
Edit|704|408|259|32|23|50030000|0|1|
Static|725|354|289|53|17|50020002|0|1|明るさ(&L):
Edit|705|408|285|32|23|50030000|0|1|
Static|726|439|236|42|17|50020002|0|1|赤(&R):
Edit|706|485|233|32|23|50030000|0|1|
Static|727|439|263|42|17|50020002|0|1|緑(&G):
Edit|707|485|259|32|23|50030000|0|1|
Static|728|439|289|42|17|50020002|0|1|青(&U):
Edit|708|485|285|32|23|50030000|0|1|
Button|712|266|311|250|26|50030000|0|1|色の追加(&A)
