lg0
ly8
lc2
lt1
lw17
cn0 20 20 0 1
cn"$<ＭＳ ゴシック>
#
ly0
 -15965.2655991671 7366.66001967938 -15965.2655991671 -2633.33945303814
 -15965.2655991671 -2633.33945303814 -35965.2645446021 -2633.33945303814
 -35965.2645446021 -2633.33945303814 -35965.2645446021 7366.66001967938
 -35965.2645446021 7366.66001967938 -15965.2655991671 7366.66001967938
ly8
 17353.2613691814 -2633.34193038208 17353.2613691814 7366.65754233544
 57353.2592600514 7366.65754233544 57353.2592600514 -2633.34193038208
 17353.2613691814 7366.65754233544 27353.2583645549 7366.65754233544
 27353.2583645549 -2633.34193038208 27353.2583645549 7366.65754233544
 27353.2583645549 -2633.34193038208 17353.2613691814 -2633.34193038208
 57353.2592600514 -2633.34193038208 47353.2622646779 -2633.34193038208
 47353.2622646779 7366.65754233544 47353.2622646779 -2633.34193038208
 47353.2622646779 7366.65754233544 57353.2592600514 7366.65754233544
ly9
 17353.2613691814 7366.65754233544 17353.2613691814 -2633.34193038208
ly1
 -15965.2655991671 -2633.33945303814 -15965.2655991671 -4633.33885211286
 -15965.2655991671 -4633.33885211286 -35965.2645446021 -4633.33885211286
 -35965.2645446021 -4633.33885211286 -35965.2645446021 -2633.33945303814
 -35965.2645446021 -2633.33945303814 -15965.2655991671 -2633.33945303814
ly2
 -15965.2655991671 -2633.33945303814 -15965.2655991671 -4633.33885211286
 -15965.2655991671 -4633.33885211286 -35965.2645446021 -4633.33885211286
 -35965.2645446021 -4633.33885211286 -35965.2645446021 -2633.33945303814
 -35965.2645446021 -2633.33945303814 -15965.2655991671 -2633.33945303814
ly3
 -15965.2655991671 -2633.33945303814 -15965.2655991671 -4633.33885211286
 -15965.2655991671 -4633.33885211286 -35965.2645446021 -4633.33885211286
 -35965.2645446021 -4633.33885211286 -35965.2645446021 -2633.33945303814
 -35965.2645446021 -2633.33945303814 -15965.2655991671 -2633.33945303814
lya
 -64281.0976650587 -13544.1517661622 -60616.3355260145 7239.74568970871
 -60616.3355260145 7239.74568970871 -63937.6671908768 -2595.76310017858
 -63937.6671908768 -2595.76310017858 -60787.6339499877 -3151.19847525965
ly4
 -36465.2643943708 -4633.33885211286 -36465.2643943708 7866.65986944806
 -36465.2643943708 7866.65986944806 -15465.2632720545 7866.65986944806
 -15465.2632720545 7866.65986944806 -15465.2632720545 -4633.33885211286
 -15465.2632720545 -4633.33885211286 -36465.2643943708 -4633.33885211286
 -30215.2650335903 1616.65803132366 -21715.2651101789 1616.65803132366
 -36465.2643943708 7866.65986944806 -30215.2650335903 1616.65803132366
 -36465.2643943708 -4633.33885211286 -30215.2650335903 1616.65803132366
 -15465.2632720545 7866.65986944806 -21715.2651101789 1616.65803132366
 -15465.2632720545 -4633.33885211286 -21715.2651101789 1616.65803132366
ly9
 17353.2613691814 -2633.34193038208 47353.2622646779 -2633.34193038208
 47353.2622646779 -2633.34193038208 47353.2622646779 7366.65754233544
 47353.2622646779 7366.65754233544 17353.2613691814 7366.65754233544
ly8
 62353.2592600514 7366.65754233544 62353.2592600514 -2633.34193038208
 61353.2592600514 7366.65754233544 61353.2592600514 -2633.34193038208
 57353.2592600514 -2633.34193038208 61353.2592600514 -2633.34193038208
 61353.2592600514 -2633.34193038208 62353.2592600514 -2633.34193038208
 57353.2592600514 7366.65754233544 61353.2592600514 7366.65754233544
 61353.2592600514 7366.65754233544 62353.2592600514 7366.65754233544
ly1
cn2
cc0
cz -15965.2658053669 -2633.33945303814 -2750 0 "2.800,4.200
cz -35965.2643384023 -2633.33945303814 2750 0 "2.800,4.200
cz -35965.2643384023 -4633.33885211286 2750 0 "2.800,4.200
cz -15965.2658053669 -4633.33885211286 -2750 0 "2.800,4.200
ly2
cz -15965.2658053669 -4633.33885211286 -2750 0 "5.800,7.200
cz -35965.2643384023 -4633.33885211286 2750 0 "5.800,7.200
cz -35965.2643384023 -2633.33945303814 2750 0 "5.800,7.200
cz -15965.2658053669 -2633.33945303814 -2750 0 "5.800,7.200
ly3
cz -15965.2651484731 -4633.33885211286 -3000 0 "8.800,10.200
cz -35965.2649952961 -4633.33885211286 3000 0 "8.800,10.200
cz -35965.2649952961 -2633.33945303814 3000 0 "8.800,10.200
cz -15965.2651484731 -2633.33945303814 -3000 0 "8.800,10.200
ly0
cz -35965.2647699491 7366.66001967938 1500 0 "11.800
cz -15965.2666124921 7366.66001967938 -1500 0 "11.800
cz -15965.2666124921 -2633.33945303814 -1500 0 "11.800
cz -35965.2647699491 -2633.33945303814 1500 0 "11.800
ly4
cz -36465.2642632866 7866.65986944806 3250 0 "12.100,11.800
cz -15465.2632720545 7866.65973836387 0 -3250 "12.100,11.800
cz -15465.2621644667 -4633.33885211286 -3250 0 "12.100,11.800
cz -36465.2643943708 -4633.33872102867 0 3250 "12.100,11.800
cz -30215.2646771592 1616.65803132366 1750 0 "-14.000
cz -21715.26546661 1616.65803132366 -1750 0 "-14.000
ly8
cn0 2.5 2.5 0 4
cz 47353.2622646779 7366.65754233544 1500 0 "20.000
cn0 2.5 2.5 0 4
cz 47353.2622646779 -2633.34193038208 1500 0 "20.000
cn0 2.5 2.5 0 4
cz 57353.2592600514 7366.65754233544 0 -1500 "20.000
cn0 2.5 2.5 0 4
cz 57353.2592600514 -2633.34193038208 0 1500 "20.000
lya
cn0 2.5 2.5 0 5
ck -60616.3355260145 7239.74568970871 -434.120473267524 -2462.01937739937 "-10.000001
cn0 2.5 2.5 0 5
ck -61074.0097636329 7523.53133455417 984.807750959749 -173.648189307011 "真北
ly9
cn0 2.5 2.5 0 4
cz 47353.2622646779 7366.65754233544 -3750 0 "15.000 , 20.000
cn0 2.5 2.5 0 4
cz 47353.2622646779 -2633.34193038208 -3750 0 "15.000 , 20.000
cn0 2.5 2.5 0 4
cz 17353.2613691814 7366.65754233544 3750 0 "15.000 , 20.000
cn0 2.5 2.5 0 4
cz 17353.2613691814 -2633.34193038208 3750 0 "15.000 , 20.000
ly8
cn0 2.5 2.5 0 4
cz 27353.2583645549 7366.65754233544 -1500 0 "15.000
cn0 2.5 2.5 0 4
cz 17353.2613691814 7366.65754233544 1500 0 "15.000
cn0 2.5 2.5 0 4
cz 17353.2613691814 -2633.34193038208 1500 0 "15.000
cn0 2.5 2.5 0 4
cz 27353.2583645549 -2633.34193038208 -1500 0 "15.000
cn0 2.5 2.5 0 4
cz 61353.2592600514 7366.65754233544 0 -1250 "4.000
cn0 2.5 2.5 0 4
cz 61353.2592600514 -2633.34193038208 0 1250 "4.000
cn0 2.5 2.5 0 4
cz 62353.2592600514 7366.65754233544 0 -1250 "0.000
cn0 2.5 2.5 0 4
cz 62353.2592600514 -2633.34193038208 0 1250 "0.000
cn0 20 20 0 1
ch -43892.3885219191 -13741.0738238437 40000 0 "べランダのあるデータ
cn0 20 20 0 1
ch 26131.8027579684 -18709.0063132952 28000 0 "（測定面４ｍ）
cn0 20 20 0 1
ch 13120.5509998811 -13741.0738238437 56000 0 "門型データ・斜壁のあるデータ
