=== dialog 32842 window 294x299 client 278x260 at 485,200 in the frame
Button|1|11|51|252|24|50010001|0|1|Ok
Button|65535|11|3|252|44|50020007|0|1|軸　　角
Button|1323|18|17|89|21|50010003|0|1|軸角設定
ComboBox|1411|144|18|110|20|50010242|0|1|
Edit|1001|147|21|87|14|50000380|0|1|
Button|65535|11|81|252|126|50020007|0|1|目　　盛
Static|1828|18|99|119|12|50020000|0|1|目盛間隔 (図寸mm)
ComboBox|1412|144|96|110|20|50010242|0|1|
Edit|1001|147|99|87|14|50000380|0|1|
Button|2074|18|119|95|21|50010000|0|1|基準点設定
Button|2096|172|122|82|15|50010003|0|1|実寸
Static|1829|18|147|158|12|50020000|0|1|表示最小間隔 （5～100ドット）
Edit|1830|208|144|46|20|50010080|0|1|
Button|1835|18|162|53|21|50010003|1|1|OFF
Button|2422|114|162|77|21|50010003|0|1|読取【無】
Button|2541|18|182|44|21|50010003|0|1|1/1
Button|2542|67|182|39|21|50010003|0|1|1/2
Button|2543|114|182|46|21|50010003|0|1|1/3
Button|2544|165|182|44|21|50010003|0|1|1/4
Button|2418|214|182|40|21|50010103|0|1|1/5
Button|65535|11|210|252|38|50020007|0|1|オフセット
Button|1927|18|224|117|18|50010003|0|1|オフセット１回指定
Button|1926|144|224|110|18|50010003|0|1|オフセット常駐
