=== dialog 32891 window 624x635 client 608x596
#32770|0|11|32|586|519|50010444|0|1|一般(1)
Static|-1|41|43|105|15|50020000|0|1|一般設定（１）
Static|-1|160|43|95|15|50020002|0|1|外部エディタ
Edit|1052|258|40|264|23|50010080|0|1|
Button|1929|534|38|37|28|50010000|0|1|参照
Static|-1|41|77|114|15|50020000|0|1|画面横寸法 (mm)
Edit|1788|148|73|54|23|50010081|0|1|
Static|-1|219|77|102|15|50020002|0|1|全体表示モード
Button|1930|324|68|67|28|50010000|0|1|狭幅優先
Static|1766|400|77|110|15|58020002|0|0|画面横ドット数
Edit|1490|519|73|53|23|58010081|0|0|
Static|-1|41|103|161|15|50020000|0|1|ｵｰﾄｾｰﾌﾞ時間(1～1000分)
Edit|1049|205|100|44|23|50010081|0|1|
Static|-1|260|103|109|15|50020002|0|1|ﾊﾞｯｸｱｯﾌﾟﾌｧｲﾙ数
Edit|1055|373|100|39|23|50010081|0|1|
Static|-1|426|103|84|15|50020002|0|1|Undo の回数
Edit|1934|519|100|53|23|50010081|0|1|
Button|1326|41|126|222|19|50010003|0|1|クロックメニューを使用しない
Button|2108|274|128|35|17|50000003|0|1|左
Button|2109|316|128|273|17|50000003|0|1|右ｸﾛｯｸﾒﾆｭｰ開始のAM／PMは前操作状態
Button|2107|41|150|144|17|50000003|0|1|読取り点に仮点表示
Static|2211|197|148|317|19|50020002|0|1|ｸﾛｯｸﾒﾆｭｰに移行するﾄﾞﾗｯｸﾞ量(20～200)
Edit|1054|519|146|53|23|50010081|0|1|
Button|2094|41|173|383|17|50000003|0|1|複線のとき、数値入力後の[Enter]キーで連続複線にする
Button|2440|435|171|154|19|50000003|0|1|消去部分を再表示する
Static|-1|41|195|112|15|50020000|0|1|ファイル読込項目
Button|1323|156|191|193|23|50010003|1|1|線色要素･線種ﾊﾟﾀｰﾝ･点半径
Button|1324|352|191|119|23|50010003|1|1|描画・印刷状態
Button|1325|477|191|112|23|50010003|1|1|文字基準点ずれ
Button|2098|41|218|466|17|50000003|0|1|プリンタ出力イメージの背景を白にする（背景色が白の場合は無効）
Button|2099|41|240|303|17|50000003|0|1|円周1/4点読取りを、円周1/8点読取りにする
Button|2527|435|238|154|19|50000003|0|1|初期ｺﾏﾝﾄﾞ：AUTOﾓｰﾄﾞ
Button|2100|41|263|394|17|50000003|0|1|線長取得で円を指示したとき、円半径取得を円周長取得にする
Button|2532|435|261|154|19|50000003|0|1|用紙枠を表示する
Button|2101|41|285|222|17|50000003|0|1|入力数値の文字を大きくする
Button|2102|291|285|263|17|50000003|0|1|ステータスバーの文字を大きくする
Button|2105|41|308|361|17|50000003|0|1|文字入力ボックスの文字数を２バイト単位で表示
Button|2112|414|308|158|17|50000003|0|1|TextFileをUTF-8出力
Static|-1|41|330|240|15|50020000|0|1|文字表示と枠表示の切り替えドット数
Edit|1058|291|326|40|23|50010081|0|1|
Static|-1|379|330|144|15|50020002|0|1|文字フォント表示倍率
Edit|1053|531|326|40|23|50010081|0|1|
Button|2110|41|353|520|17|50000003|0|1|マウスの左または右ボタンを押して１秒待つとズーム操作(L:移動)（R:縮小･拡大）
Button|2111|41|375|520|17|50000003|0|1|線コマンドでマウスを左右または上下に４回移動すると水平垂直線と斜線との切替
Button|2437|41|396|203|19|50000003|0|1|クロスラインカーソルを使う
Static|1923|265|398|14|15|58020000|0|0|（
Button|2438|291|396|107|19|58000003|0|0|範囲指定のみ
Button|2439|412|396|107|19|58000003|0|0|範囲始点のみ
Static|1924|527|398|14|15|58020000|0|0|）
Button|1522|41|418|189|19|50000003|0|1|表示のみレイヤも属性取得
Button|1523|291|418|298|19|50000003|0|1|ファイル選択にコモンダイアログを使用する
Button|2444|41|441|79|19|50000003|0|1|逆順描画
Button|2405|135|441|177|19|50000003|0|1|画像･ｿﾘｯﾄﾞを最初に描画
Button|2406|356|441|126|19|58000003|0|0|ｿﾘｯﾄﾞを先に描画
Edit|1793|496|516|75|23|58010081|0|0|
Button|2860|41|460|79|19|50000003|1|1|透過属性
Static|2256|127|461|86|15|58020002|0|0|ｿﾘｯﾄﾞ描画順
Button|1525|223|460|54|19|58000003|1|0|ﾚｲﾔ順
Button|1526|281|460|68|19|58000003|0|0|ﾚｲﾔ逆順
Button|1527|356|460|47|19|58000003|0|0|色順
Button|1528|405|460|60|19|58000003|0|0|色逆順
Button|1529|470|460|117|19|58000003|0|0|印刷出力設定順
Button|2447|41|486|425|17|50000003|0|1|新規ﾌｧｲﾙのときﾚｲﾔ名･状態を初期化、ﾌﾟﾛﾌｨｰﾙ･環境ﾌｧｲﾙを再読込み
Button|2445|470|484|88|19|50000003|0|1|逆順サーチ
Static|-1|23|520|28|15|50020002|0|1|線数
Edit|1789|55|516|54|23|58010081|0|0|
Static|-1|111|520|26|15|50020002|0|1|円数
Edit|1790|137|516|47|23|58010081|0|0|
Static|-1|188|520|28|15|50020002|0|1|文字
Edit|1791|218|516|42|23|58010081|0|0|
Static|-1|263|520|28|15|50020001|0|1|点数
Edit|1792|291|516|42|23|58010081|0|0|
Static|-1|338|520|28|15|50020002|0|1|寸法
Edit|1794|368|516|42|23|58010081|0|0|
Static|-1|415|520|79|15|50020002|0|1|ﾌﾞﾛｯｸ,ｿﾘｯﾄﾞ
Button|1|230|562|88|26|50030001|0|1|OK
Button|2|325|562|88|26|50010000|0|1|キャンセル
Button|12321|419|562|88|26|58010000|0|0|適用(&A)
Button|9|514|562|88|26|50030000|0|1|ヘルプ
SysTabControl32|12320|7|8|594|547|54030200|0|1|
=== dialog 32891 window 624x635 client 608x596
#32770|0|11|32|586|519|50010444|0|1|一般(2)
Static|-1|41|36|105|15|50020000|0|1|一般設定（２）
Static|2211|41|56|229|15|50020000|0|1|AUTOﾓｰﾄﾞから他ｺﾏﾝﾄﾞに移行した場合
Button|2528|289|55|214|19|50010003|0|1|ｺﾏﾝﾄﾞ選択をAUTOﾓｰﾄﾞｸﾛｯｸﾒﾆｭｰ
Button|2529|92|73|168|19|50010223|0|1|全てAUTOﾓｰﾄﾞｸﾛｯｸﾒﾆｭｰ
Static|2212|265|75|14|15|50020002|0|1|（
Button|2530|289|73|278|19|50010003|0|1|範囲選択のとき再度範囲選択で追加選択  ）
Static|2213|186|94|341|15|50020002|0|1|AUTOﾓｰﾄﾞｸﾛｯｸﾒﾆｭｰ(1)(2)の切替え距離(標準：100)
Edit|1957|531|90|40|23|50010081|0|1|
Button|2363|41|111|334|19|50010003|0|1|AUTOﾓｰﾄﾞ以外のｺﾏﾝﾄﾞでは全て標準ｸﾛｯｸﾒﾆｭｰにする。
Button|1324|382|113|214|15|50010003|0|1|AUTOﾓｰﾄﾞでｷｰｺﾏﾝﾄﾞを使用する。
Button|1323|41|131|392|15|40010003|0|1|標準クロックメニューをAUTOモードクロックメニューにする。
Button|2446|41|154|312|19|50010003|0|1|[レイヤ非表示化]を[表示のみレイヤ化] にする。
Button|1991|445|152|126|23|40010000|0|1|パスワード設定
Button|2493|41|173|226|19|50010003|0|1|線コマンドの指定寸法値を保持する。
Button|1523|41|191|355|19|50010003|0|1|ｸﾛｯｸﾒﾆｭｰ左AM5時の線種変更のときレイヤは変更しない。
Static|-1|428|193|72|15|50020002|0|1|作図時間
Edit|1958|506|190|65|23|58010081|0|0|
Button|2466|41|210|352|19|50010003|0|1|文字コマンドのとき文字位置指示後に文字入力を行う。
Button|2531|41|229|530|19|50010003|0|1|プリンタ出力時の埋め込み文字（ファイル名・出力日時）を画面にも変換表示する。
Button|2526|41|253|131|19|50010003|0|1|ｍ単位入力
Button|2525|183|253|413|19|50010003|0|1|数値入力のとき［10\］を10,000(10m)にする。(日影・2.5D以外)
Button|2093|41|274|555|17|50010003|0|1|オフセット・複写･移動・パラメトリック変形のＸＹ数値入力のときに矢印キーで確定
Button|2362|41|291|530|19|50010003|0|1|矢印キーで画面移動、PageUp・PageDoｗnで画面拡大・縮小、Homeで全体表示にする。
Button|1325|60|317|107|15|58010003|0|0|軸角方向移動
Static|2519|197|317|123|15|58020002|0|0|移動率(0.01～1.0)
Edit|1951|323|313|40|23|58010081|0|0|
Static|2520|370|317|154|15|58020002|0|0|拡大・縮小率(1.1～5.0)
Edit|1952|531|313|40|23|58010081|0|0|
Static|2521|11|336|560|15|58020002|0|0|（数値訂正はDelete,BackSpace,Endキーを使用、[Ctrl]+矢印キーでＸＹ数値入力の確定）
Button|2091|247|355|198|17|50010003|1|1|Shift+左ドラッグで画面スライド
Static|2522|433|355|84|17|50020002|0|1|(切替移動量
Edit|1954|517|351|40|23|50010081|0|1|
Static|2523|557|355|14|17|50020000|0|1|)
Static|-1|41|373|280|15|50020000|0|1|マウス両ボタンドラッグによるズーム操作の設定
Static|-1|41|392|191|15|50020000|0|1|( 0 : 無指定　1～4 : ﾏｰｸｼﾞｬﾝﾌﾟ )
Static|-1|41|413|249|15|50020000|0|1|( 5 : 範囲記憶   6 : 範囲解除  7 : １倍表示 )
Static|-1|41|430|219|15|50020000|0|1|( 8 : 用紙全体   9 : 前前倍率 )
Static|-1|361|375|46|15|50020002|0|1|縮小
Static|-1|459|375|89|15|50020000|0|1|全体 (範囲)
Static|-1|354|460|51|15|50020002|0|1|前倍率
Static|-1|459|460|46|15|50020000|0|1|拡大
Edit|1946|412|370|40|23|50010081|0|1|
Edit|1947|484|415|40|23|50010081|0|1|
Edit|1948|412|460|40|23|50010081|0|1|
Edit|1949|342|415|40|23|50010081|0|1|
Edit|1950|41|452|40|23|50010081|0|1|
Static|-1|85|458|231|15|50020000|0|1|[移動］の両ボタンドラッグ範囲(標準：10)
Static|-1|496|465|61|15|50020002|0|1|ﾏｳｽﾎｲｰﾙ
Button|2266|559|456|37|15|50010003|0|1|＋
Button|2267|559|475|37|15|50010003|0|1|－
Edit|1953|41|480|40|23|50010081|0|1|
Static|-1|85|484|453|15|50020000|0|1|マークジャンプ（上：1、右：2、下：3、左：4）へ強制的に移行する距離(標準：100)
Button|2094|41|512|305|17|50010003|1|1|Dialの標準メニューを消去する（次回起動時に有効）
Static|-1|422|394|18|15|50020001|0|1|\x7c
Static|-1|422|439|18|15|50020001|0|1|\x7c
Static|-1|403|418|58|15|50020001|0|1|--移動--
Button|2096|246|392|186|17|50010003|0|1|両ボタンでの移動も高速化
Static|2524|335|531|243|15|50020002|0|1|（ＭボタンドラッグでのZOOM操作無効））
Button|2095|349|512|243|17|50010003|1|1|ホイールボタンクリックで線色線種選択
Button|2098|41|355|198|17|50010003|0|1|Mボタンドラッグで画面スライド
Button|1|230|562|88|26|50030001|0|1|OK
Button|2|325|562|88|26|50010000|0|1|キャンセル
Button|12321|419|562|88|26|58010000|0|0|適用(&A)
Button|9|514|562|88|26|50030000|0|1|ヘルプ
SysTabControl32|12320|7|8|594|547|54030200|0|1|
#32770|0|11|32|586|519|40010444|0|1|一般(1)
Static|-1|41|43|105|15|50020000|0|1|一般設定（１）
Static|-1|160|43|95|15|50020002|0|1|外部エディタ
Edit|1052|258|40|264|23|50010080|0|1|
Button|1929|534|38|37|28|50010000|0|1|参照
Static|-1|41|77|114|15|50020000|0|1|画面横寸法 (mm)
Edit|1788|148|73|54|23|50010081|0|1|
Static|-1|219|77|102|15|50020002|0|1|全体表示モード
Button|1930|324|68|67|28|50010000|0|1|狭幅優先
Static|1766|400|77|110|15|58020002|0|0|画面横ドット数
Edit|1490|519|73|53|23|58010081|0|0|
Static|-1|41|103|161|15|50020000|0|1|ｵｰﾄｾｰﾌﾞ時間(1～1000分)
Edit|1049|205|100|44|23|50010081|0|1|
Static|-1|260|103|109|15|50020002|0|1|ﾊﾞｯｸｱｯﾌﾟﾌｧｲﾙ数
Edit|1055|373|100|39|23|50010081|0|1|
Static|-1|426|103|84|15|50020002|0|1|Undo の回数
Edit|1934|519|100|53|23|50010081|0|1|
Button|1326|41|126|222|19|50010003|0|1|クロックメニューを使用しない
Button|2108|274|128|35|17|50000003|0|1|左
Button|2109|316|128|273|17|50000003|0|1|右ｸﾛｯｸﾒﾆｭｰ開始のAM／PMは前操作状態
Button|2107|41|150|144|17|50000003|0|1|読取り点に仮点表示
Static|2211|197|148|317|19|50020002|0|1|ｸﾛｯｸﾒﾆｭｰに移行するﾄﾞﾗｯｸﾞ量(20～200)
Edit|1054|519|146|53|23|50010081|0|1|
Button|2094|41|173|383|17|50000003|0|1|複線のとき、数値入力後の[Enter]キーで連続複線にする
Button|2440|435|171|154|19|50000003|0|1|消去部分を再表示する
Static|-1|41|195|112|15|50020000|0|1|ファイル読込項目
Button|1323|156|191|193|23|50010003|1|1|線色要素･線種ﾊﾟﾀｰﾝ･点半径
Button|1324|352|191|119|23|50010003|1|1|描画・印刷状態
Button|1325|477|191|112|23|50010003|1|1|文字基準点ずれ
Button|2098|41|218|466|17|50000003|0|1|プリンタ出力イメージの背景を白にする（背景色が白の場合は無効）
Button|2099|41|240|303|17|50000003|0|1|円周1/4点読取りを、円周1/8点読取りにする
Button|2527|435|238|154|19|50000003|0|1|初期ｺﾏﾝﾄﾞ：AUTOﾓｰﾄﾞ
Button|2100|41|263|394|17|50000003|0|1|線長取得で円を指示したとき、円半径取得を円周長取得にする
Button|2532|435|261|154|19|50000003|0|1|用紙枠を表示する
Button|2101|41|285|222|17|50000003|0|1|入力数値の文字を大きくする
Button|2102|291|285|263|17|50000003|0|1|ステータスバーの文字を大きくする
Button|2105|41|308|361|17|50000003|0|1|文字入力ボックスの文字数を２バイト単位で表示
Button|2112|414|308|158|17|50000003|0|1|TextFileをUTF-8出力
Static|-1|41|330|240|15|50020000|0|1|文字表示と枠表示の切り替えドット数
Edit|1058|291|326|40|23|50010081|0|1|
Static|-1|379|330|144|15|50020002|0|1|文字フォント表示倍率
Edit|1053|531|326|40|23|50010081|0|1|
Button|2110|41|353|520|17|50000003|0|1|マウスの左または右ボタンを押して１秒待つとズーム操作(L:移動)（R:縮小･拡大）
Button|2111|41|375|520|17|50000003|0|1|線コマンドでマウスを左右または上下に４回移動すると水平垂直線と斜線との切替
Button|2437|41|396|203|19|50000003|0|1|クロスラインカーソルを使う
Static|1923|265|398|14|15|58020000|0|0|（
Button|2438|291|396|107|19|58000003|0|0|範囲指定のみ
Button|2439|412|396|107|19|58000003|0|0|範囲始点のみ
Static|1924|527|398|14|15|58020000|0|0|）
Button|1522|41|418|189|19|50000003|0|1|表示のみレイヤも属性取得
Button|1523|291|418|298|19|50000003|0|1|ファイル選択にコモンダイアログを使用する
Button|2444|41|441|79|19|50000003|0|1|逆順描画
Button|2405|135|441|177|19|50000003|0|1|画像･ｿﾘｯﾄﾞを最初に描画
Button|2406|356|441|126|19|58000003|0|0|ｿﾘｯﾄﾞを先に描画
Edit|1793|496|516|75|23|58010081|0|0|
Button|2860|41|460|79|19|50000003|1|1|透過属性
Static|2256|127|461|86|15|58020002|0|0|ｿﾘｯﾄﾞ描画順
Button|1525|223|460|54|19|58000003|1|0|ﾚｲﾔ順
Button|1526|281|460|68|19|58000003|0|0|ﾚｲﾔ逆順
Button|1527|356|460|47|19|58000003|0|0|色順
Button|1528|405|460|60|19|58000003|0|0|色逆順
Button|1529|470|460|117|19|58000003|0|0|印刷出力設定順
Button|2447|41|486|425|17|50000003|0|1|新規ﾌｧｲﾙのときﾚｲﾔ名･状態を初期化、ﾌﾟﾛﾌｨｰﾙ･環境ﾌｧｲﾙを再読込み
Button|2445|470|484|88|19|50000003|0|1|逆順サーチ
Static|-1|23|520|28|15|50020002|0|1|線数
Edit|1789|55|516|54|23|58010081|0|0|
Static|-1|111|520|26|15|50020002|0|1|円数
Edit|1790|137|516|47|23|58010081|0|0|
Static|-1|188|520|28|15|50020002|0|1|文字
Edit|1791|218|516|42|23|58010081|0|0|
Static|-1|263|520|28|15|50020001|0|1|点数
Edit|1792|291|516|42|23|58010081|0|0|
Static|-1|338|520|28|15|50020002|0|1|寸法
Edit|1794|368|516|42|23|58010081|0|0|
Static|-1|415|520|79|15|50020002|0|1|ﾌﾞﾛｯｸ,ｿﾘｯﾄﾞ
=== dialog 32891 window 624x635 client 608x596
#32770|0|11|32|586|519|50010444|0|1|色・画面
Static|-1|29|38|562|19|50020201|0|1|線色・線幅 設定   色要素(0～255)  画面線幅(1～16)   プリンタ出力線幅(1～500)
Button|-1|20|58|261|362|50000007|0|1|画面 要素
Button|-1|284|58|298|274|50000007|0|1|プリンタ出力 要素
Static|-1|109|77|14|15|50020000|0|1|赤
Static|-1|156|77|14|15|50020000|0|1|緑
Static|-1|198|77|14|15|50020000|0|1|青
Static|-1|239|77|37|15|50020000|0|1| 線幅
Button|1059|29|92|65|24|50010001|0|1|線色 １
Edit|1571|99|92|37|24|50010080|0|1|
Edit|1572|142|92|37|24|50010080|0|1|
Edit|1573|186|92|37|24|50010080|0|1|
Edit|1574|239|92|37|24|50010080|0|1|
Button|1060|29|118|65|24|50010000|0|1|線色 ２
Edit|1575|99|118|37|24|50010080|0|1|
Edit|1583|142|118|37|24|50010080|0|1|
Edit|1584|186|118|37|24|50010080|0|1|
Edit|1585|239|118|37|24|50010080|0|1|
Button|1061|29|145|65|24|50010000|0|1|線色 ３
Edit|1576|99|145|37|24|50010080|0|1|
Edit|1586|142|145|37|24|50010080|0|1|
Edit|1587|186|145|37|24|50010080|0|1|
Edit|1588|239|145|37|24|50010080|0|1|
Button|1062|29|171|65|24|50010000|0|1|線色 ４
Edit|1577|99|171|37|24|50010080|0|1|
Edit|1589|142|171|37|24|50010080|0|1|
Edit|1590|186|171|37|24|50010080|0|1|
Edit|1591|239|171|37|24|50010080|0|1|
Button|1901|29|197|65|24|50010000|0|1|線色 ５
Edit|1578|99|197|37|24|50010080|0|1|
Edit|1592|142|197|37|24|50010080|0|1|
Edit|1593|186|197|37|24|50010080|0|1|
Edit|1594|239|197|37|24|50010080|0|1|
Button|1902|29|223|65|24|50010000|0|1|線色 ６
Edit|1579|99|223|37|24|50010080|0|1|
Edit|1595|142|223|37|24|50010080|0|1|
Edit|1596|186|223|37|24|50010080|0|1|
Edit|1597|239|223|37|24|50010080|0|1|
Button|1903|29|250|65|24|50010000|0|1|線色 ７
Edit|1580|99|250|37|24|50010080|0|1|
Edit|1598|142|250|37|24|50010080|0|1|
Edit|1599|186|250|37|24|50010080|0|1|
Edit|1600|239|250|37|24|50010080|0|1|
Button|1904|29|276|65|24|50010000|0|1|線色 ８
Edit|1581|99|276|37|24|50010080|0|1|
Edit|1601|142|276|37|24|50010080|0|1|
Edit|1602|186|276|37|24|50010080|0|1|
Edit|1603|239|276|37|24|50010080|0|1|
Button|1905|29|302|65|24|50010000|0|1|グレー
Edit|1645|99|302|30|24|50010080|0|1|
Edit|1646|142|302|37|24|50010080|0|1|
Edit|1647|186|302|37|24|50010080|0|1|
Static|2549|239|308|37|15|50020000|0|1|
Button|1120|29|328|65|24|50010000|0|1|補助線色
Edit|1582|99|328|37|24|50010080|0|1|
Edit|1604|142|328|37|24|50010080|0|1|
Edit|1605|186|328|37|24|50010080|0|1|
Edit|1606|239|328|37|24|50010080|0|1|
Button|1121|29|355|65|24|50010000|0|1|選択色
Edit|1623|99|355|37|24|50010080|0|1|
Edit|1641|142|355|37|24|50010080|0|1|
Edit|1642|186|355|37|24|50010080|0|1|
Button|1122|29|381|65|24|50010000|0|1|仮表示色
Edit|1640|99|381|37|24|50010080|0|1|
Edit|1643|142|381|37|24|50010080|0|1|
Edit|1644|186|381|37|24|50010080|0|1|
Static|-1|382|77|14|15|50020000|0|1|赤
Static|-1|421|77|14|15|50020000|0|1|緑
Static|-1|468|77|14|15|50020000|0|1|青
Static|-1|505|77|32|15|50020001|0|1|線幅
Static|-1|536|77|39|15|50020002|0|1|点半径
Button|1074|291|92|60|24|50010000|0|1|線色 １
Edit|1607|358|92|37|24|50010080|0|1|
Edit|1608|400|92|37|24|50010080|0|1|
Edit|1609|442|92|37|24|50010080|0|1|
Edit|1610|501|92|35|24|50010080|0|1|
Edit|2533|541|92|33|24|58010080|0|0|
Button|1075|291|118|60|24|50010000|0|1|線色 ２
Edit|1611|358|118|37|24|50010080|0|1|
Edit|1612|400|118|37|24|50010080|0|1|
Edit|1613|442|118|37|24|50010080|0|1|
Edit|1614|501|118|35|24|50010080|0|1|
Edit|2534|541|118|33|24|58010080|0|0|
Button|1076|291|145|60|24|50010000|0|1|線色 ３
Edit|1615|358|145|37|24|50010080|0|1|
Edit|1616|400|145|37|24|50010080|0|1|
Edit|1617|442|145|37|24|50010080|0|1|
Edit|1618|501|145|35|24|50010080|0|1|
Edit|2535|541|145|33|24|58010080|0|0|
Button|1077|291|171|60|24|50010000|0|1|線色 ４
Edit|1619|358|171|37|24|50010080|0|1|
Edit|1620|400|171|37|24|50010080|0|1|
Edit|1621|442|171|37|24|50010080|0|1|
Edit|1622|501|171|35|24|50010080|0|1|
Edit|2536|541|171|33|24|58010080|0|0|
Button|1078|291|197|60|24|50010000|0|1|線色 ５
Edit|1624|358|197|37|24|50010080|0|1|
Edit|1625|400|197|37|24|50010080|0|1|
Edit|1626|442|197|37|24|50010080|0|1|
Edit|1627|501|197|35|24|50010080|0|1|
Edit|2537|541|197|33|24|58010080|0|0|
Button|1079|291|223|60|24|50010000|0|1|線色 ６
Edit|1628|358|223|37|24|50010080|0|1|
Edit|1629|400|223|37|24|50010080|0|1|
Edit|1630|442|223|37|24|50010080|0|1|
Edit|1631|501|223|35|24|50010080|0|1|
Edit|2538|541|223|33|24|58010080|0|0|
Button|1080|291|250|60|24|50010000|0|1|線色 ７
Edit|1632|358|250|37|24|50010080|0|1|
Edit|1633|400|250|37|24|50010080|0|1|
Edit|1634|442|250|37|24|50010080|0|1|
Edit|1635|501|250|35|24|50010080|0|1|
Edit|2539|541|250|33|24|58010080|0|0|
Button|1081|291|276|60|24|50010000|0|1|線色 ８
Edit|1636|358|276|37|24|50010080|0|1|
Edit|1637|400|276|37|24|50010080|0|1|
Edit|1638|442|276|37|24|50010080|0|1|
Edit|1639|501|276|35|24|50010080|0|1|
Edit|2540|541|276|33|24|58010080|0|0|
Button|1082|291|302|60|24|50010000|0|1|グレー
Edit|1648|358|302|30|24|50010080|0|1|
Edit|1649|393|302|32|24|50010080|0|1|
Edit|1650|428|302|32|24|50010080|0|1|
Static|2550|463|308|37|15|50020000|0|1|
Static|2548|487|308|88|15|50020000|0|1|線幅： 300dpi
Button|-1|284|334|298|86|50000007|0|1|画面背景色､ｽﾞｰﾑ枠(ｸﾛｽﾗｲﾝ)線色 要素
Button|1906|291|355|60|24|50010000|0|1|背景色
Edit|2480|358|355|37|24|50010080|0|1|
Edit|2481|400|355|37|24|50010080|0|1|
Edit|2482|442|355|37|24|50010080|0|1|
Button|1912|291|381|60|24|50010000|0|1|ｽﾞｰﾑ枠色
Edit|2483|358|381|37|24|50010080|0|1|
Edit|2484|400|381|37|24|50010080|0|1|
Edit|2485|442|381|37|24|50010080|0|1|
Button|1913|517|381|58|24|50010000|0|1|文字色
Button|1324|20|426|308|23|50010003|0|1|実点を指定半径で画面に描画(最大100ドット)
Button|1323|326|426|231|23|50010003|0|1|実点を指定半径(mm)でプリンタ出力
Button|2097|20|454|219|17|50000003|0|1|線幅を表示倍率に比例して描画(　
Button|2099|239|454|89|15|50000103|0|1|印刷時に)
Button|1511|326|454|187|17|50000003|0|1|線幅を1/100mm単位とする
Button|1915|515|450|67|23|50010f00|0|1|dpi切替
Static|-1|20|480|70|21|50020200|0|1|端点の形状
ComboBox|2223|93|478|49|23|50010303|0|1|
Static|-1|135|482|399|15|50020001|0|1|線描画の最大幅(1～100dot)or線幅の単位(1/Nmm:-1～-100)
Edit|1057|536|478|39|23|50010081|0|1|
Button|1910|29|510|95|26|50010000|0|1|色彩の初期化
Button|1907|137|510|79|26|58010000|0|0|背景色：白
Button|1908|219|510|79|26|58010000|0|0|背景色：黒
Button|1909|303|510|93|26|58010000|0|0|背景色：深緑
Button|1911|401|510|102|26|58010000|0|0|プリンタ出力色
Button|1914|536|510|39|26|58010000|0|0|線幅
Button|1|230|562|88|26|50030000|0|1|OK
Button|2|325|562|88|26|50010000|0|1|キャンセル
Button|12321|419|562|88|26|58010000|0|0|適用(&A)
Button|9|514|562|88|26|50030000|0|1|ヘルプ
SysTabControl32|12320|7|8|594|547|54030200|0|1|
#32770|0|11|32|586|519|40010444|0|1|一般(2)
Static|-1|41|36|105|15|50020000|0|1|一般設定（２）
Static|2211|41|56|229|15|50020000|0|1|AUTOﾓｰﾄﾞから他ｺﾏﾝﾄﾞに移行した場合
Button|2528|289|55|214|19|50010003|0|1|ｺﾏﾝﾄﾞ選択をAUTOﾓｰﾄﾞｸﾛｯｸﾒﾆｭｰ
Button|2529|92|73|168|19|50010223|0|1|全てAUTOﾓｰﾄﾞｸﾛｯｸﾒﾆｭｰ
Static|2212|265|75|14|15|50020002|0|1|（
Button|2530|289|73|278|19|50010003|0|1|範囲選択のとき再度範囲選択で追加選択  ）
Static|2213|186|94|341|15|50020002|0|1|AUTOﾓｰﾄﾞｸﾛｯｸﾒﾆｭｰ(1)(2)の切替え距離(標準：100)
Edit|1957|531|90|40|23|50010081|0|1|
Button|2363|41|111|334|19|50010003|0|1|AUTOﾓｰﾄﾞ以外のｺﾏﾝﾄﾞでは全て標準ｸﾛｯｸﾒﾆｭｰにする。
Button|1324|382|113|214|15|50010003|0|1|AUTOﾓｰﾄﾞでｷｰｺﾏﾝﾄﾞを使用する。
Button|1323|41|131|392|15|40010003|0|1|標準クロックメニューをAUTOモードクロックメニューにする。
Button|2446|41|154|312|19|50010003|0|1|[レイヤ非表示化]を[表示のみレイヤ化] にする。
Button|1991|445|152|126|23|40010000|0|1|パスワード設定
Button|2493|41|173|226|19|50010003|0|1|線コマンドの指定寸法値を保持する。
Button|1523|41|191|355|19|50010003|0|1|ｸﾛｯｸﾒﾆｭｰ左AM5時の線種変更のときレイヤは変更しない。
Static|-1|428|193|72|15|50020002|0|1|作図時間
Edit|1958|506|190|65|23|58010081|0|0|
Button|2466|41|210|352|19|50010003|0|1|文字コマンドのとき文字位置指示後に文字入力を行う。
Button|2531|41|229|530|19|50010003|0|1|プリンタ出力時の埋め込み文字（ファイル名・出力日時）を画面にも変換表示する。
Button|2526|41|253|131|19|50010003|0|1|ｍ単位入力
Button|2525|183|253|413|19|50010003|0|1|数値入力のとき［10\］を10,000(10m)にする。(日影・2.5D以外)
Button|2093|41|274|555|17|50010003|0|1|オフセット・複写･移動・パラメトリック変形のＸＹ数値入力のときに矢印キーで確定
Button|2362|41|291|530|19|50010003|0|1|矢印キーで画面移動、PageUp・PageDoｗnで画面拡大・縮小、Homeで全体表示にする。
Button|1325|60|317|107|15|58010003|0|0|軸角方向移動
Static|2519|197|317|123|15|58020002|0|0|移動率(0.01～1.0)
Edit|1951|323|313|40|23|58010081|0|0|
Static|2520|370|317|154|15|58020002|0|0|拡大・縮小率(1.1～5.0)
Edit|1952|531|313|40|23|58010081|0|0|
Static|2521|11|336|560|15|58020002|0|0|（数値訂正はDelete,BackSpace,Endキーを使用、[Ctrl]+矢印キーでＸＹ数値入力の確定）
Button|2091|247|355|198|17|50010003|1|1|Shift+左ドラッグで画面スライド
Static|2522|433|355|84|17|50020002|0|1|(切替移動量
Edit|1954|517|351|40|23|50010081|0|1|
Static|2523|557|355|14|17|50020000|0|1|)
Static|-1|41|373|280|15|50020000|0|1|マウス両ボタンドラッグによるズーム操作の設定
Static|-1|41|392|191|15|50020000|0|1|( 0 : 無指定　1～4 : ﾏｰｸｼﾞｬﾝﾌﾟ )
Static|-1|41|413|249|15|50020000|0|1|( 5 : 範囲記憶   6 : 範囲解除  7 : １倍表示 )
Static|-1|41|430|219|15|50020000|0|1|( 8 : 用紙全体   9 : 前前倍率 )
Static|-1|361|375|46|15|50020002|0|1|縮小
Static|-1|459|375|89|15|50020000|0|1|全体 (範囲)
Static|-1|354|460|51|15|50020002|0|1|前倍率
Static|-1|459|460|46|15|50020000|0|1|拡大
Edit|1946|412|370|40|23|50010081|0|1|
Edit|1947|484|415|40|23|50010081|0|1|
Edit|1948|412|460|40|23|50010081|0|1|
Edit|1949|342|415|40|23|50010081|0|1|
Edit|1950|41|452|40|23|50010081|0|1|
Static|-1|85|458|231|15|50020000|0|1|[移動］の両ボタンドラッグ範囲(標準：10)
Static|-1|496|465|61|15|50020002|0|1|ﾏｳｽﾎｲｰﾙ
Button|2266|559|456|37|15|50010003|0|1|＋
Button|2267|559|475|37|15|50010003|0|1|－
Edit|1953|41|480|40|23|50010081|0|1|
Static|-1|85|484|453|15|50020000|0|1|マークジャンプ（上：1、右：2、下：3、左：4）へ強制的に移行する距離(標準：100)
Button|2094|41|512|305|17|50010003|1|1|Dialの標準メニューを消去する（次回起動時に有効）
Static|-1|422|394|18|15|50020001|0|1|\x7c
Static|-1|422|439|18|15|50020001|0|1|\x7c
Static|-1|403|418|58|15|50020001|0|1|--移動--
Button|2096|246|392|186|17|50010003|0|1|両ボタンでの移動も高速化
Static|2524|335|531|243|15|50020002|0|1|（ＭボタンドラッグでのZOOM操作無効））
Button|2095|349|512|243|17|50010003|1|1|ホイールボタンクリックで線色線種選択
Button|2098|41|355|198|17|50010003|0|1|Mボタンドラッグで画面スライド
=== dialog 32891 window 624x635 client 608x596
#32770|0|11|32|586|519|50010444|0|1|線種
ComboBox|1304|104|85|200|23|58010201|0|0|
ComboLBox|1000|104|105|200|4|5c008041|0|0|
Edit|1001|107|88|194|14|58000300|0|0|
ComboBox|1305|104|109|200|23|50010201|0|1|
ComboLBox|1000|104|129|200|4|54008041|0|1|
Edit|1001|107|112|194|14|50000300|0|1|
ComboBox|1306|104|131|200|23|50010201|0|1|
ComboLBox|1000|104|151|200|4|54008041|0|1|
Edit|1001|107|134|194|14|50000300|0|1|
ComboBox|1307|104|156|200|23|50010201|0|1|
ComboLBox|1000|104|176|200|4|54008041|0|1|
Edit|1001|107|159|194|14|50000300|0|1|
ComboBox|1308|104|178|200|23|50010201|0|1|
ComboLBox|1000|104|198|200|4|54008041|0|1|
Edit|1001|107|181|194|14|50000300|0|1|
ComboBox|1309|104|203|200|23|50010201|0|1|
ComboLBox|1000|104|223|200|4|54008041|0|1|
Edit|1001|107|206|194|14|50000300|0|1|
ComboBox|1310|104|225|200|23|50010201|0|1|
ComboLBox|1000|104|245|200|4|54008041|0|1|
Edit|1001|107|228|194|14|50000300|0|1|
ComboBox|1311|104|250|200|23|50010201|0|1|
ComboLBox|1000|104|270|200|4|54008041|0|1|
Edit|1001|107|253|194|14|50000300|0|1|
ComboBox|1312|104|272|200|23|50010201|0|1|
ComboLBox|1000|104|292|200|4|54008041|0|1|
Edit|1001|107|275|194|14|50000300|0|1|
Static|65535|23|88|60|15|50020000|0|1|線種 １
Static|65535|23|113|58|15|50020000|0|1|線種 ２
Static|65535|23|135|56|15|50020000|0|1|線種 ３
Static|65535|23|160|53|15|50020000|0|1|線種 ４
Static|65535|23|182|61|15|50020000|0|1|線種 ５
Static|65535|23|206|53|15|50020000|0|1|線種 ６
Static|65535|23|229|53|15|50020000|0|1|線種 ７
Static|65535|23|253|54|15|50020000|0|1|線種 ８
Static|65535|23|276|60|15|50020000|0|1|補助線種
Static|65535|104|62|201|15|50020001|0|1|半角32文字(｢-｣orｽﾍﾟｰｽ)で設定
ComboBox|1313|104|334|200|23|50010201|0|1|
ComboLBox|1000|104|354|200|4|54008041|0|1|
Edit|1001|107|337|194|14|50000300|0|1|
ComboBox|1314|104|356|200|23|50010201|0|1|
ComboLBox|1000|104|376|200|4|54008041|0|1|
Edit|1001|107|359|194|14|50000300|0|1|
ComboBox|1315|104|381|200|23|50010201|0|1|
ComboLBox|1000|104|401|200|4|54008041|0|1|
Edit|1001|107|384|194|14|50000300|0|1|
ComboBox|1316|104|403|200|23|50010201|0|1|
ComboLBox|1000|104|423|200|4|54008041|0|1|
Edit|1001|107|406|194|14|50000300|0|1|
ComboBox|1317|104|428|200|23|50010201|0|1|
ComboLBox|1000|104|448|200|4|54008041|0|1|
Edit|1001|107|431|194|14|50000300|0|1|
Static|65535|23|338|65|15|50020000|0|1|ﾗﾝﾀﾞﾑ線１
Static|65535|23|360|67|15|50020000|0|1|ﾗﾝﾀﾞﾑ種２
Static|65535|23|385|67|15|50020000|0|1|ﾗﾝﾀﾞﾑ種３
Static|65535|23|407|65|15|50020000|0|1|ﾗﾝﾀﾞﾑ種４
Static|65535|23|431|67|15|50020000|0|1|ﾗﾝﾀﾞﾑ種５
Static|65535|337|310|37|15|50020001|0|1|振幅
Static|65535|391|310|42|15|50020000|0|1|ピッチ
Static|65535|391|62|44|15|50020000|0|1|ピッチ
Static|65535|510|62|40|15|50020000|0|1|ピッチ
Static|65535|326|62|54|15|50020001|0|1|1ﾊﾟﾀｰﾝ
Static|65535|459|310|39|15|50020001|0|1|振幅
Static|65535|512|310|39|15|50020000|0|1|ピッチ
Static|65535|104|310|201|15|50020001|0|1|半角32文字( ｢,｣or｢'｣ )で設定
Button|65535|449|40|112|424|50000007|0|1|プリンタ出力
Button|65535|324|40|119|424|50000007|0|1|画面表示
Edit|1776|337|85|37|23|58010080|0|0|
Edit|1777|337|109|37|23|50010080|0|1|
Edit|1778|337|131|37|23|50010080|0|1|
Edit|1779|337|156|37|23|50010080|0|1|
Edit|1780|337|178|37|23|50010080|0|1|
Edit|1781|337|203|37|23|50010080|0|1|
Edit|1782|337|225|37|23|50010080|0|1|
Edit|1783|337|250|37|23|50010080|0|1|
Edit|1784|337|272|37|23|50010080|0|1|
Edit|2495|337|334|37|23|50010080|0|1|
Edit|2496|337|356|37|23|50010080|0|1|
Edit|2497|337|381|37|23|50010080|0|1|
Edit|2498|337|403|37|23|50010080|0|1|
Edit|2499|337|428|37|23|50010080|0|1|
Edit|1681|461|334|37|23|50010080|0|1|
Edit|1682|461|356|37|23|50010080|0|1|
Edit|1683|461|381|37|23|50010080|0|1|
Edit|1684|461|403|37|23|50010080|0|1|
Edit|1685|461|428|37|23|50010080|0|1|
Edit|1651|391|85|37|23|58010080|0|0|
Edit|1652|391|109|37|23|50010080|0|1|
Edit|1653|391|131|37|23|50010080|0|1|
Edit|1654|391|156|37|23|50010080|0|1|
Edit|1655|391|178|37|23|50010080|0|1|
Edit|1656|391|203|37|23|50010080|0|1|
Edit|1657|391|225|37|23|50010080|0|1|
Edit|1658|391|250|37|23|50010080|0|1|
Edit|1659|391|272|37|23|50010080|0|1|
Edit|1660|391|334|37|23|50010080|0|1|
Edit|1661|391|356|37|23|50010080|0|1|
Edit|1662|391|381|37|23|50010080|0|1|
Edit|1663|391|403|37|23|50010080|0|1|
Edit|1664|391|428|37|23|50010080|0|1|
Edit|1665|513|85|37|23|58010080|0|0|
Edit|1666|513|109|37|23|50010080|0|1|
Edit|1667|513|131|37|23|50010080|0|1|
Edit|1668|513|156|37|23|50010080|0|1|
Edit|1669|513|178|37|23|50010080|0|1|
Edit|1670|513|203|37|23|50010080|0|1|
Edit|1671|513|225|37|23|50010080|0|1|
Edit|1672|513|250|37|23|50010080|0|1|
Edit|1673|513|272|37|23|40010080|0|1|
Edit|1674|513|334|37|23|50010080|0|1|
Edit|1675|513|356|37|23|50010080|0|1|
Edit|1676|513|381|37|23|50010080|0|1|
Edit|1677|513|403|37|23|50010080|0|1|
Edit|1678|513|428|37|23|50010080|0|1|
Button|65535|90|40|228|424|50000007|0|1|線種 パターン
Static|65535|127|484|173|15|50020002|0|1|範囲選択仮表示枠の線種N0.　
Edit|1679|302|480|35|23|50010080|0|1|
Button|1064|23|478|96|28|50010f00|0|1|線種の初期化
Static|65535|351|484|159|15|50020002|0|1|ｸﾛｽﾗｲﾝｶｰｿﾙの線種No.
Edit|1680|515|480|35|23|50010080|0|1|
Button|1|230|562|88|26|50030001|0|1|OK
Button|2|325|562|88|26|50010000|0|1|キャンセル
Button|12321|419|562|88|26|58010000|0|0|適用(&A)
Button|9|514|562|88|26|50030000|0|1|ヘルプ
SysTabControl32|12320|7|8|594|547|54030200|0|1|
#32770|0|11|32|586|519|40010444|0|1|色・画面
Static|-1|29|38|562|19|50020201|0|1|線色・線幅 設定   色要素(0～255)  画面線幅(1～16)   プリンタ出力線幅(1～500)
Button|-1|20|58|261|362|50000007|0|1|画面 要素
Button|-1|284|58|298|274|50000007|0|1|プリンタ出力 要素
Static|-1|109|77|14|15|50020000|0|1|赤
Static|-1|156|77|14|15|50020000|0|1|緑
Static|-1|198|77|14|15|50020000|0|1|青
Static|-1|239|77|37|15|50020000|0|1| 線幅
Button|1059|29|92|65|24|50010000|0|1|線色 １
Edit|1571|99|92|37|24|50010080|0|1|
Edit|1572|142|92|37|24|50010080|0|1|
Edit|1573|186|92|37|24|50010080|0|1|
Edit|1574|239|92|37|24|50010080|0|1|
Button|1060|29|118|65|24|50010000|0|1|線色 ２
Edit|1575|99|118|37|24|50010080|0|1|
Edit|1583|142|118|37|24|50010080|0|1|
Edit|1584|186|118|37|24|50010080|0|1|
Edit|1585|239|118|37|24|50010080|0|1|
Button|1061|29|145|65|24|50010000|0|1|線色 ３
Edit|1576|99|145|37|24|50010080|0|1|
Edit|1586|142|145|37|24|50010080|0|1|
Edit|1587|186|145|37|24|50010080|0|1|
Edit|1588|239|145|37|24|50010080|0|1|
Button|1062|29|171|65|24|50010000|0|1|線色 ４
Edit|1577|99|171|37|24|50010080|0|1|
Edit|1589|142|171|37|24|50010080|0|1|
Edit|1590|186|171|37|24|50010080|0|1|
Edit|1591|239|171|37|24|50010080|0|1|
Button|1901|29|197|65|24|50010000|0|1|線色 ５
Edit|1578|99|197|37|24|50010080|0|1|
Edit|1592|142|197|37|24|50010080|0|1|
Edit|1593|186|197|37|24|50010080|0|1|
Edit|1594|239|197|37|24|50010080|0|1|
Button|1902|29|223|65|24|50010000|0|1|線色 ６
Edit|1579|99|223|37|24|50010080|0|1|
Edit|1595|142|223|37|24|50010080|0|1|
Edit|1596|186|223|37|24|50010080|0|1|
Edit|1597|239|223|37|24|50010080|0|1|
Button|1903|29|250|65|24|50010000|0|1|線色 ７
Edit|1580|99|250|37|24|50010080|0|1|
Edit|1598|142|250|37|24|50010080|0|1|
Edit|1599|186|250|37|24|50010080|0|1|
Edit|1600|239|250|37|24|50010080|0|1|
Button|1904|29|276|65|24|50010000|0|1|線色 ８
Edit|1581|99|276|37|24|50010080|0|1|
Edit|1601|142|276|37|24|50010080|0|1|
Edit|1602|186|276|37|24|50010080|0|1|
Edit|1603|239|276|37|24|50010080|0|1|
Button|1905|29|302|65|24|50010000|0|1|グレー
Edit|1645|99|302|30|24|50010080|0|1|
Edit|1646|142|302|37|24|50010080|0|1|
Edit|1647|186|302|37|24|50010080|0|1|
Static|2549|239|308|37|15|50020000|0|1|
Button|1120|29|328|65|24|50010000|0|1|補助線色
Edit|1582|99|328|37|24|50010080|0|1|
Edit|1604|142|328|37|24|50010080|0|1|
Edit|1605|186|328|37|24|50010080|0|1|
Edit|1606|239|328|37|24|50010080|0|1|
Button|1121|29|355|65|24|50010000|0|1|選択色
Edit|1623|99|355|37|24|50010080|0|1|
Edit|1641|142|355|37|24|50010080|0|1|
Edit|1642|186|355|37|24|50010080|0|1|
Button|1122|29|381|65|24|50010000|0|1|仮表示色
Edit|1640|99|381|37|24|50010080|0|1|
Edit|1643|142|381|37|24|50010080|0|1|
Edit|1644|186|381|37|24|50010080|0|1|
Static|-1|382|77|14|15|50020000|0|1|赤
Static|-1|421|77|14|15|50020000|0|1|緑
Static|-1|468|77|14|15|50020000|0|1|青
Static|-1|505|77|32|15|50020001|0|1|線幅
Static|-1|536|77|39|15|50020002|0|1|点半径
Button|1074|291|92|60|24|50010000|0|1|線色 １
Edit|1607|358|92|37|24|50010080|0|1|
Edit|1608|400|92|37|24|50010080|0|1|
Edit|1609|442|92|37|24|50010080|0|1|
Edit|1610|501|92|35|24|50010080|0|1|
Edit|2533|541|92|33|24|58010080|0|0|
Button|1075|291|118|60|24|50010000|0|1|線色 ２
Edit|1611|358|118|37|24|50010080|0|1|
Edit|1612|400|118|37|24|50010080|0|1|
Edit|1613|442|118|37|24|50010080|0|1|
Edit|1614|501|118|35|24|50010080|0|1|
Edit|2534|541|118|33|24|58010080|0|0|
Button|1076|291|145|60|24|50010000|0|1|線色 ３
Edit|1615|358|145|37|24|50010080|0|1|
Edit|1616|400|145|37|24|50010080|0|1|
Edit|1617|442|145|37|24|50010080|0|1|
Edit|1618|501|145|35|24|50010080|0|1|
Edit|2535|541|145|33|24|58010080|0|0|
Button|1077|291|171|60|24|50010000|0|1|線色 ４
Edit|1619|358|171|37|24|50010080|0|1|
Edit|1620|400|171|37|24|50010080|0|1|
Edit|1621|442|171|37|24|50010080|0|1|
Edit|1622|501|171|35|24|50010080|0|1|
Edit|2536|541|171|33|24|58010080|0|0|
Button|1078|291|197|60|24|50010000|0|1|線色 ５
Edit|1624|358|197|37|24|50010080|0|1|
Edit|1625|400|197|37|24|50010080|0|1|
Edit|1626|442|197|37|24|50010080|0|1|
Edit|1627|501|197|35|24|50010080|0|1|
Edit|2537|541|197|33|24|58010080|0|0|
Button|1079|291|223|60|24|50010000|0|1|線色 ６
Edit|1628|358|223|37|24|50010080|0|1|
Edit|1629|400|223|37|24|50010080|0|1|
Edit|1630|442|223|37|24|50010080|0|1|
Edit|1631|501|223|35|24|50010080|0|1|
Edit|2538|541|223|33|24|58010080|0|0|
Button|1080|291|250|60|24|50010000|0|1|線色 ７
Edit|1632|358|250|37|24|50010080|0|1|
Edit|1633|400|250|37|24|50010080|0|1|
Edit|1634|442|250|37|24|50010080|0|1|
Edit|1635|501|250|35|24|50010080|0|1|
Edit|2539|541|250|33|24|58010080|0|0|
Button|1081|291|276|60|24|50010000|0|1|線色 ８
Edit|1636|358|276|37|24|50010080|0|1|
Edit|1637|400|276|37|24|50010080|0|1|
Edit|1638|442|276|37|24|50010080|0|1|
Edit|1639|501|276|35|24|50010080|0|1|
Edit|2540|541|276|33|24|58010080|0|0|
Button|1082|291|302|60|24|50010000|0|1|グレー
Edit|1648|358|302|30|24|50010080|0|1|
Edit|1649|393|302|32|24|50010080|0|1|
Edit|1650|428|302|32|24|50010080|0|1|
Static|2550|463|308|37|15|50020000|0|1|
Static|2548|487|308|88|15|50020000|0|1|線幅： 300dpi
Button|-1|284|334|298|86|50000007|0|1|画面背景色､ｽﾞｰﾑ枠(ｸﾛｽﾗｲﾝ)線色 要素
Button|1906|291|355|60|24|50010000|0|1|背景色
Edit|2480|358|355|37|24|50010080|0|1|
Edit|2481|400|355|37|24|50010080|0|1|
Edit|2482|442|355|37|24|50010080|0|1|
Button|1912|291|381|60|24|50010000|0|1|ｽﾞｰﾑ枠色
Edit|2483|358|381|37|24|50010080|0|1|
Edit|2484|400|381|37|24|50010080|0|1|
Edit|2485|442|381|37|24|50010080|0|1|
Button|1913|517|381|58|24|50010000|0|1|文字色
Button|1324|20|426|308|23|50010003|0|1|実点を指定半径で画面に描画(最大100ドット)
Button|1323|326|426|231|23|50010003|0|1|実点を指定半径(mm)でプリンタ出力
Button|2097|20|454|219|17|50000003|0|1|線幅を表示倍率に比例して描画(　
Button|2099|239|454|89|15|50000103|0|1|印刷時に)
Button|1511|326|454|187|17|50000003|0|1|線幅を1/100mm単位とする
Button|1915|515|450|67|23|50010f00|0|1|dpi切替
Static|-1|20|480|70|21|50020200|0|1|端点の形状
ComboBox|2223|93|478|49|23|50010303|0|1|
Static|-1|135|482|399|15|50020001|0|1|線描画の最大幅(1～100dot)or線幅の単位(1/Nmm:-1～-100)
Edit|1057|536|478|39|23|50010081|0|1|
Button|1910|29|510|95|26|50010000|0|1|色彩の初期化
Button|1907|137|510|79|26|58010000|0|0|背景色：白
Button|1908|219|510|79|26|58010000|0|0|背景色：黒
Button|1909|303|510|93|26|58010000|0|0|背景色：深緑
Button|1911|401|510|102|26|58010000|0|0|プリンタ出力色
Button|1914|536|510|39|26|58010000|0|0|線幅
=== dialog 32891 window 624x635 client 608x596
#32770|0|11|32|586|519|50010444|0|1|文字
Edit|2470|106|115|37|24|50010080|0|1|
Static|-1|23|118|74|15|50020000|0|1|文字種 １
Static|-1|57|41|389|15|50020000|0|1|文字サイズ (0.01～500)    文字ペンNo(1～9)
Static|-1|106|66|33|15|50020001|0|1|横
Edit|2471|106|139|37|24|50010080|0|1|
Edit|2472|106|163|37|24|50010080|0|1|
Edit|2473|106|188|37|24|50010080|0|1|
Edit|2474|106|212|37|24|50010080|0|1|
Edit|2475|106|236|37|24|50010080|0|1|
Edit|2476|106|261|37|24|50010080|0|1|
Edit|2477|106|285|37|24|50010080|0|1|
Edit|2478|106|310|37|24|50010080|0|1|
Edit|2479|106|334|37|24|50010080|0|1|
Static|-1|23|143|74|15|50020000|0|1|文字種 ２
Static|-1|23|167|74|15|50020000|0|1|文字種 ３
Static|-1|23|191|74|15|50020000|0|1|文字種 ４
Static|-1|23|216|74|15|50020000|0|1|文字種 ５
Static|-1|23|240|74|15|50020000|0|1|文字種 ６
Static|-1|23|265|74|15|50020000|0|1|文字種 ７
Static|-1|23|289|74|15|50020000|0|1|文字種 ８
Static|-1|23|313|82|15|50020000|0|1|文字種 ９
Static|-1|23|338|74|15|50020000|0|1|文字種 １０
Edit|1532|167|115|37|24|50010080|0|1|
Edit|1533|167|139|37|24|50010080|0|1|
Edit|1534|167|163|37|24|50010080|0|1|
Edit|1535|167|188|37|24|50010080|0|1|
Edit|1536|167|212|37|24|50010080|0|1|
Edit|1537|167|236|37|24|50010080|0|1|
Edit|1538|167|261|37|24|50010080|0|1|
Edit|1539|167|285|37|24|50010080|0|1|
Edit|1540|167|310|37|24|50010080|0|1|
Edit|1541|167|334|37|24|50010080|0|1|
Edit|1542|228|115|37|24|50010080|0|1|
Edit|1543|228|139|37|24|50010080|0|1|
Edit|1544|228|163|37|24|50010080|0|1|
Edit|1545|228|188|37|24|50010080|0|1|
Edit|1546|228|212|37|24|50010080|0|1|
Edit|1547|228|236|37|24|50010080|0|1|
Edit|1548|228|261|37|24|50010080|0|1|
Edit|1549|228|285|37|24|50010080|0|1|
Edit|1550|228|310|37|24|50010080|0|1|
Edit|1551|228|334|37|24|50010080|0|1|
Edit|1552|291|115|37|24|50010080|0|1|
Edit|1553|291|139|37|24|50010080|0|1|
Edit|1554|291|163|37|24|50010080|0|1|
Edit|1555|291|188|37|24|50010080|0|1|
Edit|1556|291|212|37|24|50010080|0|1|
Edit|1557|291|236|37|24|50010080|0|1|
Edit|1558|291|261|37|24|50010080|0|1|
Edit|1559|291|285|37|24|50010080|0|1|
Edit|1560|291|310|37|24|50010080|0|1|
Edit|1561|291|334|37|24|50010080|0|1|
Button|1883|23|388|289|19|50010c03|0|1|既に作図されている文字のサイズも変更する
Static|1916|41|428|266|15|50020000|0|1|【変更しない場合は、任意サイズになる】
Static|-1|23|90|82|15|50020000|0|1|任意サイズ
Static|1888|347|86|61|24|50020201|0|1|【 21 】
Static|1889|347|115|61|24|50020201|0|1|---
Static|1890|347|139|61|24|50020201|0|1|【 22 】
Static|1891|347|163|61|24|50020201|0|1|---
Static|1892|347|188|61|24|50020201|0|1|---
Static|1893|347|212|61|24|50020201|0|1|---
Static|1894|347|236|61|24|50020201|0|1|---
Static|1895|347|261|61|24|50020201|0|1|---
Static|1896|347|285|61|24|50020201|0|1|---
Static|1897|347|310|61|24|50020201|0|1|---
Static|1898|347|334|61|24|50020201|0|1|---
Button|1884|335|428|53|17|58030009|1|0|左下
Button|1689|396|428|53|17|58000009|0|0|中下
Button|1690|457|428|53|17|58000009|0|0|右下
Button|1691|335|409|53|17|58000009|0|0|左中
Button|1692|396|409|53|17|58000009|0|0|中中
Button|1693|457|409|53|17|58000009|0|0|右中
Button|1694|335|390|53|17|58000009|0|0|左上
Button|1695|396|390|53|17|58000009|0|0|中上
Button|1696|457|390|53|17|58000009|0|0|右上
Button|1885|316|373|196|75|58020007|0|0|変更基準点
Static|-1|167|66|33|15|50020001|0|1|縦
Static|-1|228|66|33|15|50020001|0|1|間隔
Static|-1|291|66|44|15|50020001|0|1|色No.
Static|-1|335|66|84|15|50020001|0|1|使用文字数
Static|1917|43|409|259|15|58020000|0|0|サイズ変更の基準点を指定してください
Static|-1|426|66|102|15|50020001|0|1|任意サイズ種類
Static|1899|447|86|61|24|50020201|0|1|( 3 )
Static|-1|23|454|485|15|50020000|0|1|日影用高さ･真北、２.５D用高さ･奥行きの文字サイズの種類指定(1～10)
Edit|1562|457|469|35|24|50010081|0|1|
Static|-1|23|475|434|15|50020000|0|1|(文字サイズのみの指定、作図される文字は任意サイズの文字種類）
Button|1886|23|505|205|19|50010c03|0|1|文字の輪郭を背景色で描画
Button|1887|261|505|305|19|50010c03|1|1|文字（寸法図形､ブロック図形）を最後に描画
Button|1900|23|529|205|17|50010c03|0|1|文字列範囲を背景色で描画
Static|2259|291|529|156|15|58020002|0|0|範囲増寸法(-1～10mm)
Edit|1563|457|525|35|23|58010081|0|0|
Button|-1|421|233|130|122|50000007|0|1|CtrlKey による
ComboBox|1411|492|276|49|23|50010202|0|1|
Edit|1001|495|279|26|17|50000300|0|1|
Static|-1|426|251|123|17|50020000|0|1|文字移動方向
Static|-1|443|278|42|17|50020000|0|1|Shift
ComboBox|1412|492|300|49|23|50010202|0|1|
Edit|1001|495|303|26|17|50000300|0|1|
Static|-1|443|302|42|17|50020000|0|1|Ctrl
ComboBox|1413|492|325|49|23|50010202|0|1|
Edit|1001|495|328|26|17|50000300|0|1|
Static|-1|443|326|42|17|50020000|0|1|Alt
Button|1|230|562|88|26|50030001|0|1|OK
Button|2|325|562|88|26|50010000|0|1|キャンセル
Button|12321|419|562|88|26|58010000|0|0|適用(&A)
Button|9|514|562|88|26|50030000|0|1|ヘルプ
SysTabControl32|12320|7|8|594|547|54030200|0|1|
#32770|0|11|32|586|519|40010444|0|1|線種
ComboBox|1304|104|85|200|23|58010201|0|0|
ComboLBox|1000|104|105|200|4|5c008041|0|0|
Edit|1001|107|88|194|14|58000300|0|0|
ComboBox|1305|104|109|200|23|50010201|0|1|
ComboLBox|1000|104|129|200|4|54008041|0|1|
Edit|1001|107|112|194|14|50000300|0|1|
ComboBox|1306|104|131|200|23|50010201|0|1|
ComboLBox|1000|104|151|200|4|54008041|0|1|
Edit|1001|107|134|194|14|50000300|0|1|
ComboBox|1307|104|156|200|23|50010201|0|1|
ComboLBox|1000|104|176|200|4|54008041|0|1|
Edit|1001|107|159|194|14|50000300|0|1|
ComboBox|1308|104|178|200|23|50010201|0|1|
ComboLBox|1000|104|198|200|4|54008041|0|1|
Edit|1001|107|181|194|14|50000300|0|1|
ComboBox|1309|104|203|200|23|50010201|0|1|
ComboLBox|1000|104|223|200|4|54008041|0|1|
Edit|1001|107|206|194|14|50000300|0|1|
ComboBox|1310|104|225|200|23|50010201|0|1|
ComboLBox|1000|104|245|200|4|54008041|0|1|
Edit|1001|107|228|194|14|50000300|0|1|
ComboBox|1311|104|250|200|23|50010201|0|1|
ComboLBox|1000|104|270|200|4|54008041|0|1|
Edit|1001|107|253|194|14|50000300|0|1|
ComboBox|1312|104|272|200|23|50010201|0|1|
ComboLBox|1000|104|292|200|4|54008041|0|1|
Edit|1001|107|275|194|14|50000300|0|1|
Static|65535|23|88|60|15|50020000|0|1|線種 １
Static|65535|23|113|58|15|50020000|0|1|線種 ２
Static|65535|23|135|56|15|50020000|0|1|線種 ３
Static|65535|23|160|53|15|50020000|0|1|線種 ４
Static|65535|23|182|61|15|50020000|0|1|線種 ５
Static|65535|23|206|53|15|50020000|0|1|線種 ６
Static|65535|23|229|53|15|50020000|0|1|線種 ７
Static|65535|23|253|54|15|50020000|0|1|線種 ８
Static|65535|23|276|60|15|50020000|0|1|補助線種
Static|65535|104|62|201|15|50020001|0|1|半角32文字(｢-｣orｽﾍﾟｰｽ)で設定
ComboBox|1313|104|334|200|23|50010201|0|1|
ComboLBox|1000|104|354|200|4|54008041|0|1|
Edit|1001|107|337|194|14|50000300|0|1|
ComboBox|1314|104|356|200|23|50010201|0|1|
ComboLBox|1000|104|376|200|4|54008041|0|1|
Edit|1001|107|359|194|14|50000300|0|1|
ComboBox|1315|104|381|200|23|50010201|0|1|
ComboLBox|1000|104|401|200|4|54008041|0|1|
Edit|1001|107|384|194|14|50000300|0|1|
ComboBox|1316|104|403|200|23|50010201|0|1|
ComboLBox|1000|104|423|200|4|54008041|0|1|
Edit|1001|107|406|194|14|50000300|0|1|
ComboBox|1317|104|428|200|23|50010201|0|1|
ComboLBox|1000|104|448|200|4|54008041|0|1|
Edit|1001|107|431|194|14|50000300|0|1|
Static|65535|23|338|65|15|50020000|0|1|ﾗﾝﾀﾞﾑ線１
Static|65535|23|360|67|15|50020000|0|1|ﾗﾝﾀﾞﾑ種２
Static|65535|23|385|67|15|50020000|0|1|ﾗﾝﾀﾞﾑ種３
Static|65535|23|407|65|15|50020000|0|1|ﾗﾝﾀﾞﾑ種４
Static|65535|23|431|67|15|50020000|0|1|ﾗﾝﾀﾞﾑ種５
Static|65535|337|310|37|15|50020001|0|1|振幅
Static|65535|391|310|42|15|50020000|0|1|ピッチ
Static|65535|391|62|44|15|50020000|0|1|ピッチ
Static|65535|510|62|40|15|50020000|0|1|ピッチ
Static|65535|326|62|54|15|50020001|0|1|1ﾊﾟﾀｰﾝ
Static|65535|459|310|39|15|50020001|0|1|振幅
Static|65535|512|310|39|15|50020000|0|1|ピッチ
Static|65535|104|310|201|15|50020001|0|1|半角32文字( ｢,｣or｢'｣ )で設定
Button|65535|449|40|112|424|50000007|0|1|プリンタ出力
Button|65535|324|40|119|424|50000007|0|1|画面表示
Edit|1776|337|85|37|23|58010080|0|0|
Edit|1777|337|109|37|23|50010080|0|1|
Edit|1778|337|131|37|23|50010080|0|1|
Edit|1779|337|156|37|23|50010080|0|1|
Edit|1780|337|178|37|23|50010080|0|1|
Edit|1781|337|203|37|23|50010080|0|1|
Edit|1782|337|225|37|23|50010080|0|1|
Edit|1783|337|250|37|23|50010080|0|1|
Edit|1784|337|272|37|23|50010080|0|1|
Edit|2495|337|334|37|23|50010080|0|1|
Edit|2496|337|356|37|23|50010080|0|1|
Edit|2497|337|381|37|23|50010080|0|1|
Edit|2498|337|403|37|23|50010080|0|1|
Edit|2499|337|428|37|23|50010080|0|1|
Edit|1681|461|334|37|23|50010080|0|1|
Edit|1682|461|356|37|23|50010080|0|1|
Edit|1683|461|381|37|23|50010080|0|1|
Edit|1684|461|403|37|23|50010080|0|1|
Edit|1685|461|428|37|23|50010080|0|1|
Edit|1651|391|85|37|23|58010080|0|0|
Edit|1652|391|109|37|23|50010080|0|1|
Edit|1653|391|131|37|23|50010080|0|1|
Edit|1654|391|156|37|23|50010080|0|1|
Edit|1655|391|178|37|23|50010080|0|1|
Edit|1656|391|203|37|23|50010080|0|1|
Edit|1657|391|225|37|23|50010080|0|1|
Edit|1658|391|250|37|23|50010080|0|1|
Edit|1659|391|272|37|23|50010080|0|1|
Edit|1660|391|334|37|23|50010080|0|1|
Edit|1661|391|356|37|23|50010080|0|1|
Edit|1662|391|381|37|23|50010080|0|1|
Edit|1663|391|403|37|23|50010080|0|1|
Edit|1664|391|428|37|23|50010080|0|1|
Edit|1665|513|85|37|23|58010080|0|0|
Edit|1666|513|109|37|23|50010080|0|1|
Edit|1667|513|131|37|23|50010080|0|1|
Edit|1668|513|156|37|23|50010080|0|1|
Edit|1669|513|178|37|23|50010080|0|1|
Edit|1670|513|203|37|23|50010080|0|1|
Edit|1671|513|225|37|23|50010080|0|1|
Edit|1672|513|250|37|23|50010080|0|1|
Edit|1673|513|272|37|23|40010080|0|1|
Edit|1674|513|334|37|23|50010080|0|1|
Edit|1675|513|356|37|23|50010080|0|1|
Edit|1676|513|381|37|23|50010080|0|1|
Edit|1677|513|403|37|23|50010080|0|1|
Edit|1678|513|428|37|23|50010080|0|1|
Button|65535|90|40|228|424|50000007|0|1|線種 パターン
Static|65535|127|484|173|15|50020002|0|1|範囲選択仮表示枠の線種N0.　
Edit|1679|302|480|35|23|50010080|0|1|
Button|1064|23|478|96|28|50010f00|0|1|線種の初期化
Static|65535|351|484|159|15|50020002|0|1|ｸﾛｽﾗｲﾝｶｰｿﾙの線種No.
Edit|1680|515|480|35|23|50010080|0|1|
=== dialog 32891 window 624x635 client 608x596
#32770|0|11|32|586|519|50010444|0|1|AUTO
Button|1064|23|36|144|28|50010f01|0|1|クロックメニュー（１）
Static|-1|216|40|268|15|50020002|0|1|AUTOモードの図形サーチ倍率 (0.5～1.0)
Edit|2404|498|36|51|23|50010081|0|1|
Edit|2364|130|68|37|23|50010001|0|1|
Edit|2365|176|79|37|23|50010081|0|1|
Edit|2366|204|107|37|23|50010081|0|1|
Edit|2367|216|135|37|23|50010081|0|1|
Edit|2368|204|163|37|23|50010081|0|1|
Static|-1|183|191|47|23|50020201|0|1|線種変
Static|-1|121|203|58|24|50020201|0|1|属性取得
Edit|2369|81|191|37|23|50010081|0|1|
Edit|2370|64|163|37|23|50010081|0|1|
Edit|2371|51|135|37|23|58010081|0|0|
Edit|2372|62|107|37|23|50010081|0|1|
Edit|2373|86|79|37|23|50010081|0|1|
Edit|2374|132|236|37|23|50010081|0|1|
Edit|2375|176|248|37|23|50010081|0|1|
Edit|2376|204|276|37|23|50010081|0|1|
Edit|2377|216|304|37|23|50010081|0|1|
Edit|2378|204|330|37|23|50010081|0|1|
Edit|2379|176|360|37|23|50010081|0|1|
Edit|2380|132|375|37|23|50010081|0|1|
Edit|2381|86|360|37|23|50010081|0|1|
Edit|2382|64|330|37|23|50010081|0|1|
Edit|2383|51|304|37|23|50010081|0|1|
Edit|2384|64|276|37|23|50010081|0|1|
Edit|2385|86|248|37|23|50010081|0|1|
Static|-1|368|66|40|24|50020201|0|1|円1/4
Edit|2398|414|79|37|23|50010081|0|1|
Edit|2399|433|107|37|23|50010081|0|1|
Static|-1|440|135|44|24|50020201|0|1|中心点
Static|-1|431|163|40|23|50020201|0|1|戻る
Static|-1|412|191|39|23|50020201|0|1|進む
Static|-1|366|203|44|23|50020201|0|1|ｵﾌｾｯﾄ
Edit|2400|326|191|37|23|50010081|0|1|
Edit|2401|302|163|37|23|50010081|0|1|
Static|-1|291|135|46|23|50020201|0|1|線上点
Edit|2402|302|107|37|23|50010081|0|1|
Edit|2403|326|79|37|23|50010081|0|1|
Edit|2386|370|236|37|23|50010081|0|1|
Edit|2387|414|248|37|23|50010081|0|1|
Edit|2388|435|276|37|23|50010081|0|1|
Edit|2389|447|304|37|23|50010081|0|1|
Edit|2390|435|330|37|23|50010081|0|1|
Edit|2391|414|360|37|23|50010081|0|1|
Edit|2392|370|375|37|23|50010081|0|1|
Edit|2393|326|360|37|23|50010081|0|1|
Edit|2394|302|330|37|23|50010081|0|1|
Edit|2395|291|306|35|23|50010081|0|1|
Edit|2396|302|276|37|23|50010081|0|1|
Edit|2397|326|248|37|23|50010081|0|1|
Static|-1|141|100|18|15|50020201|0|1|0
Static|-1|162|107|18|15|50020201|0|1|1
Static|-1|176|120|18|15|50020201|0|1|2
Static|-1|186|139|18|15|50020201|0|1|3
Static|-1|176|156|18|15|50020201|0|1|4
Static|-1|163|173|18|15|50020201|0|1|5
Static|-1|141|180|18|15|50020201|0|1|6
Static|-1|118|173|18|15|50020201|0|1|7
Static|-1|106|156|18|15|50020201|0|1|8
Static|-1|99|139|18|15|50020201|0|1|9
Static|-1|107|120|18|15|50020201|0|1|10
Static|-1|118|107|18|15|50020201|0|1|11
Static|-1|127|135|46|28|50020201|0|1|左ＡＭ
Static|-1|141|268|18|15|50020201|0|1|0
Static|-1|165|276|18|15|50020201|0|1|1
Static|-1|176|289|18|15|50020201|0|1|2
Static|-1|183|310|18|15|50020201|0|1|3
Static|-1|174|323|18|15|50020201|0|1|4
Static|-1|160|340|18|15|50020201|0|1|5
Static|-1|141|347|18|15|50020201|0|1|6
Static|-1|121|340|18|15|50020201|0|1|7
Static|-1|107|323|16|15|50020201|0|1|8
Static|-1|100|310|18|15|50020201|0|1|9
Static|-1|107|289|18|15|50020201|0|1|10
Static|-1|120|276|18|15|50020201|0|1|11
Static|-1|23|428|571|15|50020000|0|1| 1 AUTO  2 線  3矩形  4円弧  5文字  6点  7寸法   8 ２線  9中心線  10連続線  11複線  12ｺｰﾅｰ  13伸縮
Static|-1|23|445|571|15|50020000|0|1| 14面取  15消去  16複写  17移動  18接線  19接円   20建具平面    21断面   22立面   23多角形   24曲線
Static|-1|23|461|571|15|50020000|0|1| 25包絡   26分割  27図形  28記号  29ﾊﾟﾗﾒﾄﾘｯｸ  30外部   31測定   32登録選択図   33範囲選択   34貼付
Static|-1|125|304|49|26|50020201|0|1|左ＰＭ
Static|-1|365|135|46|28|50020201|0|1|右ＡＭ
Static|-1|365|304|46|26|50020201|0|1|右ＰＭ
Static|-1|379|100|18|15|50020201|0|1|0
Static|-1|379|268|18|15|50020201|0|1|0
Static|-1|398|107|18|15|50020201|0|1|1
Static|-1|398|276|18|15|50020201|0|1|1
Static|-1|412|120|18|15|50020201|0|1|2
Static|-1|412|289|18|15|50020201|0|1|2
Static|-1|422|139|14|15|50020201|0|1|3
Static|-1|422|310|18|15|50020201|0|1|3
Static|-1|412|156|18|15|50020201|0|1|4
Static|-1|412|323|18|15|50020201|0|1|4
Static|-1|398|340|18|15|50020201|0|1|5
Static|-1|400|173|18|15|50020201|0|1|5
Static|-1|379|180|18|15|50020201|0|1|6
Static|-1|379|345|18|15|50020201|0|1|6
Static|-1|358|173|18|15|50020201|0|1|7
Static|-1|359|340|18|15|50020201|0|1|7
Static|-1|347|156|16|15|50020201|0|1|8
Static|-1|347|323|16|15|50020201|0|1|8
Static|-1|340|139|16|15|50020201|0|1|9
Static|-1|337|310|18|15|50020201|0|1|9
Static|-1|347|120|18|15|50020201|0|1|10
Static|-1|345|289|18|15|50020201|0|1|10
Static|-1|359|107|18|15|50020201|0|1|11
Static|-1|359|276|18|15|50020201|0|1|11
Static|-1|23|407|571|15|50020000|0|1|コマンド一覧     ( [－]値は指定コマンドを継続、[0]はキャンセル )
Static|-1|23|478|571|15|50020000|0|1| 35ﾊｯﾁ  36ﾃﾞｰﾀ整理  37座標ﾌｧｲﾙ  38接楕円  39表計算  40距離指定点   41式計算  42属性変更  43ｿﾘｯﾄﾞ
Static|-1|23|495|571|15|50020000|0|1|(73ﾀｸﾞｼﾞｬﾝﾌﾟ 74読変 75ｺﾋﾟｰ 76方向変 77直線伸縮 78全属性取得 80端点移動  81線属性設定 82ﾚｲﾔ設定)
Static|-1|23|512|574|15|50020000|0|1|(・83軸角取得  84軸角･目盛  85目盛基点  86画面倍率  ･87線角度  88線鉛直角  ･89X軸角度  90 2点間角)
Static|-1|23|527|571|15|50020000|0|1|(91数値角92線長93 2点長94数値長95間隔96縮尺） ( )内は[-]値の設定不可、ただし「・」印は[-]値で[-]角度
Button|1|230|562|88|26|50030000|0|1|OK
Button|2|325|562|88|26|50010000|0|1|キャンセル
Button|12321|419|562|88|26|58010000|0|0|適用(&A)
Button|9|514|562|88|26|50030000|0|1|ヘルプ
SysTabControl32|12320|7|8|594|547|54030200|0|1|
#32770|0|11|32|586|519|40010444|0|1|文字
Edit|2470|106|115|37|24|50010080|0|1|
Static|-1|23|118|74|15|50020000|0|1|文字種 １
Static|-1|57|41|389|15|50020000|0|1|文字サイズ (0.01～500)    文字ペンNo(1～9)
Static|-1|106|66|33|15|50020001|0|1|横
Edit|2471|106|139|37|24|50010080|0|1|
Edit|2472|106|163|37|24|50010080|0|1|
Edit|2473|106|188|37|24|50010080|0|1|
Edit|2474|106|212|37|24|50010080|0|1|
Edit|2475|106|236|37|24|50010080|0|1|
Edit|2476|106|261|37|24|50010080|0|1|
Edit|2477|106|285|37|24|50010080|0|1|
Edit|2478|106|310|37|24|50010080|0|1|
Edit|2479|106|334|37|24|50010080|0|1|
Static|-1|23|143|74|15|50020000|0|1|文字種 ２
Static|-1|23|167|74|15|50020000|0|1|文字種 ３
Static|-1|23|191|74|15|50020000|0|1|文字種 ４
Static|-1|23|216|74|15|50020000|0|1|文字種 ５
Static|-1|23|240|74|15|50020000|0|1|文字種 ６
Static|-1|23|265|74|15|50020000|0|1|文字種 ７
Static|-1|23|289|74|15|50020000|0|1|文字種 ８
Static|-1|23|313|82|15|50020000|0|1|文字種 ９
Static|-1|23|338|74|15|50020000|0|1|文字種 １０
Edit|1532|167|115|37|24|50010080|0|1|
Edit|1533|167|139|37|24|50010080|0|1|
Edit|1534|167|163|37|24|50010080|0|1|
Edit|1535|167|188|37|24|50010080|0|1|
Edit|1536|167|212|37|24|50010080|0|1|
Edit|1537|167|236|37|24|50010080|0|1|
Edit|1538|167|261|37|24|50010080|0|1|
Edit|1539|167|285|37|24|50010080|0|1|
Edit|1540|167|310|37|24|50010080|0|1|
Edit|1541|167|334|37|24|50010080|0|1|
Edit|1542|228|115|37|24|50010080|0|1|
Edit|1543|228|139|37|24|50010080|0|1|
Edit|1544|228|163|37|24|50010080|0|1|
Edit|1545|228|188|37|24|50010080|0|1|
Edit|1546|228|212|37|24|50010080|0|1|
Edit|1547|228|236|37|24|50010080|0|1|
Edit|1548|228|261|37|24|50010080|0|1|
Edit|1549|228|285|37|24|50010080|0|1|
Edit|1550|228|310|37|24|50010080|0|1|
Edit|1551|228|334|37|24|50010080|0|1|
Edit|1552|291|115|37|24|50010080|0|1|
Edit|1553|291|139|37|24|50010080|0|1|
Edit|1554|291|163|37|24|50010080|0|1|
Edit|1555|291|188|37|24|50010080|0|1|
Edit|1556|291|212|37|24|50010080|0|1|
Edit|1557|291|236|37|24|50010080|0|1|
Edit|1558|291|261|37|24|50010080|0|1|
Edit|1559|291|285|37|24|50010080|0|1|
Edit|1560|291|310|37|24|50010080|0|1|
Edit|1561|291|334|37|24|50010080|0|1|
Button|1883|23|388|289|19|50010c03|0|1|既に作図されている文字のサイズも変更する
Static|1916|41|428|266|15|50020000|0|1|【変更しない場合は、任意サイズになる】
Static|-1|23|90|82|15|50020000|0|1|任意サイズ
Static|1888|347|86|61|24|50020201|0|1|【 21 】
Static|1889|347|115|61|24|50020201|0|1|---
Static|1890|347|139|61|24|50020201|0|1|【 22 】
Static|1891|347|163|61|24|50020201|0|1|---
Static|1892|347|188|61|24|50020201|0|1|---
Static|1893|347|212|61|24|50020201|0|1|---
Static|1894|347|236|61|24|50020201|0|1|---
Static|1895|347|261|61|24|50020201|0|1|---
Static|1896|347|285|61|24|50020201|0|1|---
Static|1897|347|310|61|24|50020201|0|1|---
Static|1898|347|334|61|24|50020201|0|1|---
Button|1884|335|428|53|17|58030009|1|0|左下
Button|1689|396|428|53|17|58000009|0|0|中下
Button|1690|457|428|53|17|58000009|0|0|右下
Button|1691|335|409|53|17|58000009|0|0|左中
Button|1692|396|409|53|17|58000009|0|0|中中
Button|1693|457|409|53|17|58000009|0|0|右中
Button|1694|335|390|53|17|58000009|0|0|左上
Button|1695|396|390|53|17|58000009|0|0|中上
Button|1696|457|390|53|17|58000009|0|0|右上
Button|1885|316|373|196|75|58020007|0|0|変更基準点
Static|-1|167|66|33|15|50020001|0|1|縦
Static|-1|228|66|33|15|50020001|0|1|間隔
Static|-1|291|66|44|15|50020001|0|1|色No.
Static|-1|335|66|84|15|50020001|0|1|使用文字数
Static|1917|43|409|259|15|58020000|0|0|サイズ変更の基準点を指定してください
Static|-1|426|66|102|15|50020001|0|1|任意サイズ種類
Static|1899|447|86|61|24|50020201|0|1|( 3 )
Static|-1|23|454|485|15|50020000|0|1|日影用高さ･真北、２.５D用高さ･奥行きの文字サイズの種類指定(1～10)
Edit|1562|457|469|35|24|50010081|0|1|
Static|-1|23|475|434|15|50020000|0|1|(文字サイズのみの指定、作図される文字は任意サイズの文字種類）
Button|1886|23|505|205|19|50010c03|0|1|文字の輪郭を背景色で描画
Button|1887|261|505|305|19|50010c03|1|1|文字（寸法図形､ブロック図形）を最後に描画
Button|1900|23|529|205|17|50010c03|0|1|文字列範囲を背景色で描画
Static|2259|291|529|156|15|58020002|0|0|範囲増寸法(-1～10mm)
Edit|1563|457|525|35|23|58010081|0|0|
Button|-1|421|233|130|122|50000007|0|1|CtrlKey による
ComboBox|1411|492|276|49|23|50010202|0|1|
Edit|1001|495|279|26|17|50000300|0|1|
Static|-1|426|251|123|17|50020000|0|1|文字移動方向
Static|-1|443|278|42|17|50020000|0|1|Shift
ComboBox|1412|492|300|49|23|50010202|0|1|
Edit|1001|495|303|26|17|50000300|0|1|
Static|-1|443|302|42|17|50020000|0|1|Ctrl
ComboBox|1413|492|325|49|23|50010202|0|1|
Edit|1001|495|328|26|17|50000300|0|1|
Static|-1|443|326|42|17|50020000|0|1|Alt
=== dialog 32891 window 624x635 client 608x596
#32770|0|11|32|586|519|50010444|0|1|KEY
Static|-1|135|36|49|15|50020201|0|1|(Shift)
Edit|2004|90|60|37|23|50010081|0|1|
Edit|2038|142|60|37|23|50010081|0|1|
Static|-1|23|62|49|15|50020201|0|1|A　：
Edit|2005|90|81|37|23|50010081|0|1|
Edit|2039|142|81|37|23|50010081|0|1|
Static|-1|23|83|49|15|50020201|0|1|B　：
Edit|2006|90|101|37|23|50010081|0|1|
Edit|2040|142|101|37|23|50010081|0|1|
Static|-1|23|103|49|15|50020201|0|1|C　：
Edit|2007|90|122|37|23|50010081|0|1|
Edit|2041|142|122|37|23|50010081|0|1|
Static|-1|23|124|49|15|50020201|0|1|D　：
Edit|2008|90|143|37|23|50010081|0|1|
Edit|2042|142|143|37|23|50010081|0|1|
Static|-1|23|145|49|15|50020201|0|1|E　：
Edit|2009|90|163|37|23|50010081|0|1|
Edit|2043|142|163|37|23|50010081|0|1|
Static|-1|23|165|49|15|50020201|0|1|F　：
Edit|2010|90|184|37|23|50010081|0|1|
Edit|2044|142|184|37|23|50010081|0|1|
Static|-1|23|186|49|15|50020201|0|1|G　：
Edit|2011|90|205|37|23|50010081|0|1|
Edit|2045|142|205|37|23|50010081|0|1|
Static|-1|23|206|49|15|50020201|0|1|H　：
Edit|2012|90|225|37|23|50010081|0|1|
Edit|2046|142|225|37|23|50010081|0|1|
Static|-1|23|227|49|15|50020201|0|1|I　：
Static|-1|72|227|14|15|50020200|0|1|*
Edit|2013|90|246|37|23|50010081|0|1|
Edit|2047|142|246|37|23|50010081|0|1|
Static|-1|23|248|49|15|50020201|0|1|J　：
Static|-1|72|248|14|15|50020200|0|1|*
Edit|2014|90|266|37|23|50010081|0|1|
Edit|2048|142|266|37|23|50010081|0|1|
Static|-1|23|268|49|15|50020201|0|1|K　：
Static|-1|72|268|14|15|50020200|0|1|*
Edit|2015|90|287|37|23|50010081|0|1|
Edit|2049|142|287|37|23|50010081|0|1|
Static|-1|23|289|49|15|50020201|0|1|L　：
Static|-1|72|289|14|15|50020200|0|1|*
Edit|2064|123|315|37|23|50010081|0|1|
Static|-1|326|36|49|15|50020201|0|1|(Shift)
Edit|2016|282|60|37|23|50010081|0|1|
Edit|2050|333|60|37|23|50010081|0|1|
Static|-1|212|62|53|15|50020201|0|1|M　：
Static|-1|265|62|14|15|50020200|0|1|*
Edit|2017|282|81|37|23|50010081|0|1|
Edit|2051|333|81|37|23|50010081|0|1|
Static|-1|212|83|53|15|50020201|0|1|N　：
Edit|2018|282|101|37|23|50010081|0|1|
Edit|2052|333|101|37|23|50010081|0|1|
Static|-1|212|103|53|15|50020201|0|1|O　：
Static|-1|265|103|14|15|50020200|0|1|*
Edit|2019|282|122|37|23|50010081|0|1|
Edit|2053|333|122|37|23|50010081|0|1|
Static|-1|212|124|53|15|50020201|0|1|P　：
Edit|2020|282|143|37|23|50010081|0|1|
Edit|2054|333|143|37|23|50010081|0|1|
Static|-1|212|145|53|15|50020201|0|1|Q　：
Edit|2021|282|163|37|23|50010081|0|1|
Edit|2055|333|163|37|23|50010081|0|1|
Static|-1|212|165|53|15|50020201|0|1|R　：
Edit|2022|282|184|37|23|50010081|0|1|
Edit|2056|333|184|37|23|50010081|0|1|
Static|-1|212|186|53|15|50020201|0|1|S　：
Edit|2023|282|205|37|23|50010081|0|1|
Edit|2057|333|205|37|23|50010081|0|1|
Static|-1|212|206|53|15|50020201|0|1|T　：
Edit|2024|282|225|37|23|50010081|0|1|
Edit|2058|333|225|37|23|50010081|0|1|
Static|-1|212|227|53|15|50020201|0|1|U　：
Static|-1|265|227|14|15|50020200|0|1|*
Edit|2025|282|246|37|23|50010081|0|1|
Edit|2059|333|246|37|23|50010081|0|1|
Static|-1|212|248|53|15|50020201|0|1|V　：
Edit|2026|282|266|37|23|50010081|0|1|
Edit|2060|333|266|37|23|50010081|0|1|
Static|-1|212|268|53|15|50020201|0|1|W　：
Edit|2027|282|287|37|23|50010081|0|1|
Edit|2061|333|287|37|23|50010081|0|1|
Static|-1|212|289|53|15|50020201|0|1|X　：
Static|-1|512|36|49|15|50020201|0|1|(Shift)
Edit|2028|466|60|37|23|50010081|0|1|
Edit|2062|519|60|37|23|50010081|0|1|
Static|-1|403|62|56|15|50020201|0|1|Y　：
Edit|2029|466|81|37|23|50010081|0|1|
Edit|2063|519|81|37|23|50010081|0|1|
Static|-1|403|83|56|15|50020201|0|1|Z　：
Edit|2030|466|101|37|23|50010081|0|1|
Edit|2065|519|101|37|23|50010081|0|1|
Static|-1|403|103|56|15|50020201|0|1|Ｆ２：
Edit|2031|466|122|37|23|50010081|0|1|
Edit|2066|519|122|37|23|50010081|0|1|
Static|-1|403|124|56|15|50020201|0|1|Ｆ３：
Edit|2032|466|143|37|23|50010081|0|1|
Edit|2067|519|143|37|23|50010081|0|1|
Static|-1|403|145|56|15|50020201|0|1|Ｆ４：
Edit|2033|466|163|37|23|50010081|0|1|
Edit|2068|519|163|37|23|50010081|0|1|
Static|-1|403|165|56|15|50020201|0|1|Ｆ５：
Edit|2034|466|184|37|23|50010081|0|1|
Edit|2069|519|184|37|23|50010081|0|1|
Static|-1|403|186|56|15|50020201|0|1|Ｆ６：
Edit|2035|466|205|37|23|50010081|0|1|
Edit|2070|519|205|37|23|50010081|0|1|
Static|-1|403|206|56|15|50020201|0|1|Ｆ７：
Edit|2036|466|225|37|23|50010081|0|1|
Edit|2071|519|225|37|23|50010081|0|1|
Static|-1|403|227|56|15|50020201|0|1|Ｆ８：
Edit|2037|466|246|37|23|50010081|0|1|
Edit|2072|519|246|37|23|50010081|0|1|
Static|-1|403|248|56|15|50020201|0|1|Ｆ９：
Static|-1|403|268|75|15|50020200|0|1|Tab
Static|-1|484|268|105|15|50020200|0|1|： 属性取得
Static|-1|401|287|75|15|50020200|0|1|Shift+Tab
Static|-1|484|289|110|15|50020200|0|1|： レイヤ非表示化
Button|1325|403|310|159|15|50010003|0|1|直接属性取得を行う
Static|-1|484|330|110|15|50020200|0|1| Shift+Esc：進む
Static|-1|403|332|70|15|50020200|0|1|Esc：戻る 
Static|-1|36|319|75|15|50020202|0|1|ｽﾍﾟｰｽ ：
Button|1323|333|351|261|15|50010003|0|1|キーによるコマンド選択を無効にする
Button|1324|333|371|261|15|50010003|0|1|Numキー(*)のコマンド選択を無効にする
Static|-1|23|355|264|15|50020000|0|1|コマンド一覧     ( [0] は無指定 )
Static|-1|23|379|298|15|50020000|0|1| 1 AUTO    2 線    3矩形    4円弧    5文字    6点    7寸法
Static|-1|23|396|513|15|50020000|0|1| 8 ２線  9中心線  10連続線  11複線  12ｺｰﾅｰ  13伸縮  14面取 15消去  16複写 17移動
Static|-1|23|413|560|15|50020000|0|1| 18接線 19接円 20建具平面 21断面 22立面 23多角形 24曲線 25包絡  26分割 27図形 
Static|-1|23|430|560|15|50020000|0|1| 28記号 29ﾊﾟﾗﾒﾄﾘｯｸ 30外部 31測定 32登録選択図 33範囲選択 34貼付 35ﾊｯﾁ 36ﾃﾞｰﾀ整理 
Static|-1|23|446|560|15|50020000|0|1| 37座標ファイル  38接楕円   39表計算   40距離指定点   41式計算  42属性変更   43ソリッド 
Static|-1|23|463|560|15|50020000|0|1|(73ﾀｸﾞｼﾞｬﾝﾌﾟ 74読変 75ｺﾋﾟｰ 76方向変 77直線伸縮 78全属性取得 80端点移動 81線属性設定) 
Static|-1|23|480|560|15|50020000|0|1|(82ﾚｲﾔ設定  83軸角取得   84軸角･目盛   85目盛基点   86画面倍率 　87線角度　 88線鉛直角 )
Static|-1|23|497|560|15|50020000|0|1|(89X軸角度  90 2点間角  91数値角  92線長 93 2点長 94数値長  95間隔  96縮尺　97JWCを開く)
Static|-1|23|514|560|15|50020000|0|1|(98開く　99印刷　100保存　150ｽﾞｰﾑ　155範囲確定・基準点変更　156基準点変更)
Static|-1|23|531|560|15|50020000|0|1|(ﾏｰｸｼﾞｬﾝﾌﾟ [1]～[8] 登録101～108 表示121～128) (110寸法設定 111環境ﾌｧｲﾙ読込 112基本設定)
Button|1|230|562|88|26|50030001|0|1|OK
Button|2|325|562|88|26|50010000|0|1|キャンセル
Button|12321|419|562|88|26|58010000|0|0|適用(&A)
Button|9|514|562|88|26|50030000|0|1|ヘルプ
SysTabControl32|12320|7|8|594|547|54030200|0|1|
#32770|0|11|32|586|519|40010444|0|1|AUTO
Button|1064|23|36|144|28|50010f00|0|1|クロックメニュー（１）
Static|-1|216|40|268|15|50020002|0|1|AUTOモードの図形サーチ倍率 (0.5～1.0)
Edit|2404|498|36|51|23|50010081|0|1|
Edit|2364|130|68|37|23|50010001|0|1|
Edit|2365|176|79|37|23|50010081|0|1|
Edit|2366|204|107|37|23|50010081|0|1|
Edit|2367|216|135|37|23|50010081|0|1|
Edit|2368|204|163|37|23|50010081|0|1|
Static|-1|183|191|47|23|50020201|0|1|線種変
Static|-1|121|203|58|24|50020201|0|1|属性取得
Edit|2369|81|191|37|23|50010081|0|1|
Edit|2370|64|163|37|23|50010081|0|1|
Edit|2371|51|135|37|23|58010081|0|0|
Edit|2372|62|107|37|23|50010081|0|1|
Edit|2373|86|79|37|23|50010081|0|1|
Edit|2374|132|236|37|23|50010081|0|1|
Edit|2375|176|248|37|23|50010081|0|1|
Edit|2376|204|276|37|23|50010081|0|1|
Edit|2377|216|304|37|23|50010081|0|1|
Edit|2378|204|330|37|23|50010081|0|1|
Edit|2379|176|360|37|23|50010081|0|1|
Edit|2380|132|375|37|23|50010081|0|1|
Edit|2381|86|360|37|23|50010081|0|1|
Edit|2382|64|330|37|23|50010081|0|1|
Edit|2383|51|304|37|23|50010081|0|1|
Edit|2384|64|276|37|23|50010081|0|1|
Edit|2385|86|248|37|23|50010081|0|1|
Static|-1|368|66|40|24|50020201|0|1|円1/4
Edit|2398|414|79|37|23|50010081|0|1|
Edit|2399|433|107|37|23|50010081|0|1|
Static|-1|440|135|44|24|50020201|0|1|中心点
Static|-1|431|163|40|23|50020201|0|1|戻る
Static|-1|412|191|39|23|50020201|0|1|進む
Static|-1|366|203|44|23|50020201|0|1|ｵﾌｾｯﾄ
Edit|2400|326|191|37|23|50010081|0|1|
Edit|2401|302|163|37|23|50010081|0|1|
Static|-1|291|135|46|23|50020201|0|1|線上点
Edit|2402|302|107|37|23|50010081|0|1|
Edit|2403|326|79|37|23|50010081|0|1|
Edit|2386|370|236|37|23|50010081|0|1|
Edit|2387|414|248|37|23|50010081|0|1|
Edit|2388|435|276|37|23|50010081|0|1|
Edit|2389|447|304|37|23|50010081|0|1|
Edit|2390|435|330|37|23|50010081|0|1|
Edit|2391|414|360|37|23|50010081|0|1|
Edit|2392|370|375|37|23|50010081|0|1|
Edit|2393|326|360|37|23|50010081|0|1|
Edit|2394|302|330|37|23|50010081|0|1|
Edit|2395|291|306|35|23|50010081|0|1|
Edit|2396|302|276|37|23|50010081|0|1|
Edit|2397|326|248|37|23|50010081|0|1|
Static|-1|141|100|18|15|50020201|0|1|0
Static|-1|162|107|18|15|50020201|0|1|1
Static|-1|176|120|18|15|50020201|0|1|2
Static|-1|186|139|18|15|50020201|0|1|3
Static|-1|176|156|18|15|50020201|0|1|4
Static|-1|163|173|18|15|50020201|0|1|5
Static|-1|141|180|18|15|50020201|0|1|6
Static|-1|118|173|18|15|50020201|0|1|7
Static|-1|106|156|18|15|50020201|0|1|8
Static|-1|99|139|18|15|50020201|0|1|9
Static|-1|107|120|18|15|50020201|0|1|10
Static|-1|118|107|18|15|50020201|0|1|11
Static|-1|127|135|46|28|50020201|0|1|左ＡＭ
Static|-1|141|268|18|15|50020201|0|1|0
Static|-1|165|276|18|15|50020201|0|1|1
Static|-1|176|289|18|15|50020201|0|1|2
Static|-1|183|310|18|15|50020201|0|1|3
Static|-1|174|323|18|15|50020201|0|1|4
Static|-1|160|340|18|15|50020201|0|1|5
Static|-1|141|347|18|15|50020201|0|1|6
Static|-1|121|340|18|15|50020201|0|1|7
Static|-1|107|323|16|15|50020201|0|1|8
Static|-1|100|310|18|15|50020201|0|1|9
Static|-1|107|289|18|15|50020201|0|1|10
Static|-1|120|276|18|15|50020201|0|1|11
Static|-1|23|428|571|15|50020000|0|1| 1 AUTO  2 線  3矩形  4円弧  5文字  6点  7寸法   8 ２線  9中心線  10連続線  11複線  12ｺｰﾅｰ  13伸縮
Static|-1|23|445|571|15|50020000|0|1| 14面取  15消去  16複写  17移動  18接線  19接円   20建具平面    21断面   22立面   23多角形   24曲線
Static|-1|23|461|571|15|50020000|0|1| 25包絡   26分割  27図形  28記号  29ﾊﾟﾗﾒﾄﾘｯｸ  30外部   31測定   32登録選択図   33範囲選択   34貼付
Static|-1|125|304|49|26|50020201|0|1|左ＰＭ
Static|-1|365|135|46|28|50020201|0|1|右ＡＭ
Static|-1|365|304|46|26|50020201|0|1|右ＰＭ
Static|-1|379|100|18|15|50020201|0|1|0
Static|-1|379|268|18|15|50020201|0|1|0
Static|-1|398|107|18|15|50020201|0|1|1
Static|-1|398|276|18|15|50020201|0|1|1
Static|-1|412|120|18|15|50020201|0|1|2
Static|-1|412|289|18|15|50020201|0|1|2
Static|-1|422|139|14|15|50020201|0|1|3
Static|-1|422|310|18|15|50020201|0|1|3
Static|-1|412|156|18|15|50020201|0|1|4
Static|-1|412|323|18|15|50020201|0|1|4
Static|-1|398|340|18|15|50020201|0|1|5
Static|-1|400|173|18|15|50020201|0|1|5
Static|-1|379|180|18|15|50020201|0|1|6
Static|-1|379|345|18|15|50020201|0|1|6
Static|-1|358|173|18|15|50020201|0|1|7
Static|-1|359|340|18|15|50020201|0|1|7
Static|-1|347|156|16|15|50020201|0|1|8
Static|-1|347|323|16|15|50020201|0|1|8
Static|-1|340|139|16|15|50020201|0|1|9
Static|-1|337|310|18|15|50020201|0|1|9
Static|-1|347|120|18|15|50020201|0|1|10
Static|-1|345|289|18|15|50020201|0|1|10
Static|-1|359|107|18|15|50020201|0|1|11
Static|-1|359|276|18|15|50020201|0|1|11
Static|-1|23|407|571|15|50020000|0|1|コマンド一覧     ( [－]値は指定コマンドを継続、[0]はキャンセル )
Static|-1|23|478|571|15|50020000|0|1| 35ﾊｯﾁ  36ﾃﾞｰﾀ整理  37座標ﾌｧｲﾙ  38接楕円  39表計算  40距離指定点   41式計算  42属性変更  43ｿﾘｯﾄﾞ
Static|-1|23|495|571|15|50020000|0|1|(73ﾀｸﾞｼﾞｬﾝﾌﾟ 74読変 75ｺﾋﾟｰ 76方向変 77直線伸縮 78全属性取得 80端点移動  81線属性設定 82ﾚｲﾔ設定)
Static|-1|23|512|574|15|50020000|0|1|(・83軸角取得  84軸角･目盛  85目盛基点  86画面倍率  ･87線角度  88線鉛直角  ･89X軸角度  90 2点間角)
Static|-1|23|527|571|15|50020000|0|1|(91数値角92線長93 2点長94数値長95間隔96縮尺） ( )内は[-]値の設定不可、ただし「・」印は[-]値で[-]角度
=== dialog 32891 window 624x635 client 608x596
#32770|0|11|32|586|519|50010444|0|1|DXF・SXF・JWC
Button|-1|22|43|147|56|50000007|0|1|DXF読込み
Button|2200|34|70|131|15|50010003|1|1|図面範囲を読取る
Button|-1|174|43|151|58|50000007|0|1|JWC・DXF読込み
Button|2199|183|70|133|15|50010003|0|1|色を初期化する
Button|-1|328|43|252|122|50000007|0|1|DXF書出し
Button|2202|335|64|203|19|50010003|0|1|点を円で出力する
Button|2204|335|113|243|19|50010003|0|1|書き出しにJWW2DXFConv.dllを使用
Button|2203|335|88|198|19|50010003|1|1|レイヤ名に番号を付加する
Button|2205|335|137|91|19|50010003|1|1|Shift-JIS
Button|2214|440|137|61|19|58010003|0|0|UTF-8
Button|-1|22|107|303|56|50000007|0|1|SXF読込み
Button|2207|36|137|226|15|50010003|1|1|背景色と同じ色を反転する
Button|-1|20|167|560|345|50000007|0|1|SXF書出し
Static|-1|29|191|16|15|50020000|0|1|±
Edit|2443|50|186|28|26|50010080|0|1|
Static|-1|83|191|142|15|50020000|0|1|％の線幅は同一視する
Static|-1|29|221|16|15|50020000|0|1|±
Edit|2442|50|216|28|26|50010080|0|1|
Static|-1|83|221|191|15|50020000|0|1|ポイントのRGB値は同一視する
Static|-1|29|251|16|15|50020000|0|1|±
Edit|2441|50|246|28|26|50010080|0|1|
Static|-1|83|251|184|15|50020000|0|1|％の線種要素長は同一視する
Button|2208|363|190|198|19|50010003|0|1|補助線を出力しない
Button|-1|36|281|527|221|50000007|0|1|既定線種変換設定
Static|-1|44|304|16|15|50020000|0|1|Jw
Static|-1|69|306|51|15|50020000|0|1| 1 実線
Static|-1|155|306|16|15|50020000|0|1|⇒
Static|-1|177|306|23|15|50020000|0|1|SXF
ComboBox|2322|204|306|47|23|50010203|0|1|
Edit|2314|256|306|285|24|50010880|0|1|
Static|-1|69|330|58|15|50020000|0|1| 2 点線1
ComboBox|2323|204|330|47|23|50010203|0|1|
Edit|2315|256|330|285|24|50010880|0|1|
Static|-1|69|355|58|15|50020000|0|1| 3 点線2
ComboBox|2324|204|355|47|23|50010203|0|1|
Edit|2316|256|355|285|24|50010880|0|1|
Static|-1|69|379|58|15|50020000|0|1| 4 点線3
ComboBox|2325|204|379|47|23|50010203|0|1|
Edit|2317|256|379|285|24|50010880|0|1|
Static|-1|69|403|86|15|50020000|0|1| 5 一点鎖線1
ComboBox|2326|204|403|47|23|50010203|0|1|
Edit|2318|256|403|285|24|50010880|0|1|
Static|-1|69|428|86|15|50020000|0|1| 6 一点鎖線2
ComboBox|2327|204|428|47|23|50010203|0|1|
Edit|2319|256|428|285|24|50010880|0|1|
Static|-1|69|452|86|15|50020000|0|1| 7 二点鎖線1
ComboBox|2328|204|452|47|23|50010203|0|1|
Edit|2320|256|452|285|24|50010880|0|1|
Static|-1|69|476|86|15|50020000|0|1| 8 二点鎖線2
ComboBox|2329|204|476|47|23|50010203|0|1|
Edit|2321|256|476|285|24|50010880|0|1|
Button|2249|202|520|179|26|50010000|0|1|SXF線種変換設定の初期化
Button|2250|506|131|63|26|50010000|0|1|DLL設定
Button|1|230|562|88|26|50030001|0|1|OK
Button|2|325|562|88|26|50010000|0|1|キャンセル
Button|12321|419|562|88|26|58010000|0|0|適用(&A)
Button|9|514|562|88|26|50030000|0|1|ヘルプ
SysTabControl32|12320|7|8|594|547|54030200|0|1|
#32770|0|11|32|586|519|40010444|0|1|KEY
Static|-1|135|36|49|15|50020201|0|1|(Shift)
Edit|2004|90|60|37|23|50010081|0|1|
Edit|2038|142|60|37|23|50010081|0|1|
Static|-1|23|62|49|15|50020201|0|1|A　：
Edit|2005|90|81|37|23|50010081|0|1|
Edit|2039|142|81|37|23|50010081|0|1|
Static|-1|23|83|49|15|50020201|0|1|B　：
Edit|2006|90|101|37|23|50010081|0|1|
Edit|2040|142|101|37|23|50010081|0|1|
Static|-1|23|103|49|15|50020201|0|1|C　：
Edit|2007|90|122|37|23|50010081|0|1|
Edit|2041|142|122|37|23|50010081|0|1|
Static|-1|23|124|49|15|50020201|0|1|D　：
Edit|2008|90|143|37|23|50010081|0|1|
Edit|2042|142|143|37|23|50010081|0|1|
Static|-1|23|145|49|15|50020201|0|1|E　：
Edit|2009|90|163|37|23|50010081|0|1|
Edit|2043|142|163|37|23|50010081|0|1|
Static|-1|23|165|49|15|50020201|0|1|F　：
Edit|2010|90|184|37|23|50010081|0|1|
Edit|2044|142|184|37|23|50010081|0|1|
Static|-1|23|186|49|15|50020201|0|1|G　：
Edit|2011|90|205|37|23|50010081|0|1|
Edit|2045|142|205|37|23|50010081|0|1|
Static|-1|23|206|49|15|50020201|0|1|H　：
Edit|2012|90|225|37|23|50010081|0|1|
Edit|2046|142|225|37|23|50010081|0|1|
Static|-1|23|227|49|15|50020201|0|1|I　：
Static|-1|72|227|14|15|50020200|0|1|*
Edit|2013|90|246|37|23|50010081|0|1|
Edit|2047|142|246|37|23|50010081|0|1|
Static|-1|23|248|49|15|50020201|0|1|J　：
Static|-1|72|248|14|15|50020200|0|1|*
Edit|2014|90|266|37|23|50010081|0|1|
Edit|2048|142|266|37|23|50010081|0|1|
Static|-1|23|268|49|15|50020201|0|1|K　：
Static|-1|72|268|14|15|50020200|0|1|*
Edit|2015|90|287|37|23|50010081|0|1|
Edit|2049|142|287|37|23|50010081|0|1|
Static|-1|23|289|49|15|50020201|0|1|L　：
Static|-1|72|289|14|15|50020200|0|1|*
Edit|2064|123|315|37|23|50010081|0|1|
Static|-1|326|36|49|15|50020201|0|1|(Shift)
Edit|2016|282|60|37|23|50010081|0|1|
Edit|2050|333|60|37|23|50010081|0|1|
Static|-1|212|62|53|15|50020201|0|1|M　：
Static|-1|265|62|14|15|50020200|0|1|*
Edit|2017|282|81|37|23|50010081|0|1|
Edit|2051|333|81|37|23|50010081|0|1|
Static|-1|212|83|53|15|50020201|0|1|N　：
Edit|2018|282|101|37|23|50010081|0|1|
Edit|2052|333|101|37|23|50010081|0|1|
Static|-1|212|103|53|15|50020201|0|1|O　：
Static|-1|265|103|14|15|50020200|0|1|*
Edit|2019|282|122|37|23|50010081|0|1|
Edit|2053|333|122|37|23|50010081|0|1|
Static|-1|212|124|53|15|50020201|0|1|P　：
Edit|2020|282|143|37|23|50010081|0|1|
Edit|2054|333|143|37|23|50010081|0|1|
Static|-1|212|145|53|15|50020201|0|1|Q　：
Edit|2021|282|163|37|23|50010081|0|1|
Edit|2055|333|163|37|23|50010081|0|1|
Static|-1|212|165|53|15|50020201|0|1|R　：
Edit|2022|282|184|37|23|50010081|0|1|
Edit|2056|333|184|37|23|50010081|0|1|
Static|-1|212|186|53|15|50020201|0|1|S　：
Edit|2023|282|205|37|23|50010081|0|1|
Edit|2057|333|205|37|23|50010081|0|1|
Static|-1|212|206|53|15|50020201|0|1|T　：
Edit|2024|282|225|37|23|50010081|0|1|
Edit|2058|333|225|37|23|50010081|0|1|
Static|-1|212|227|53|15|50020201|0|1|U　：
Static|-1|265|227|14|15|50020200|0|1|*
Edit|2025|282|246|37|23|50010081|0|1|
Edit|2059|333|246|37|23|50010081|0|1|
Static|-1|212|248|53|15|50020201|0|1|V　：
Edit|2026|282|266|37|23|50010081|0|1|
Edit|2060|333|266|37|23|50010081|0|1|
Static|-1|212|268|53|15|50020201|0|1|W　：
Edit|2027|282|287|37|23|50010081|0|1|
Edit|2061|333|287|37|23|50010081|0|1|
Static|-1|212|289|53|15|50020201|0|1|X　：
Static|-1|512|36|49|15|50020201|0|1|(Shift)
Edit|2028|466|60|37|23|50010081|0|1|
Edit|2062|519|60|37|23|50010081|0|1|
Static|-1|403|62|56|15|50020201|0|1|Y　：
Edit|2029|466|81|37|23|50010081|0|1|
Edit|2063|519|81|37|23|50010081|0|1|
Static|-1|403|83|56|15|50020201|0|1|Z　：
Edit|2030|466|101|37|23|50010081|0|1|
Edit|2065|519|101|37|23|50010081|0|1|
Static|-1|403|103|56|15|50020201|0|1|Ｆ２：
Edit|2031|466|122|37|23|50010081|0|1|
Edit|2066|519|122|37|23|50010081|0|1|
Static|-1|403|124|56|15|50020201|0|1|Ｆ３：
Edit|2032|466|143|37|23|50010081|0|1|
Edit|2067|519|143|37|23|50010081|0|1|
Static|-1|403|145|56|15|50020201|0|1|Ｆ４：
Edit|2033|466|163|37|23|50010081|0|1|
Edit|2068|519|163|37|23|50010081|0|1|
Static|-1|403|165|56|15|50020201|0|1|Ｆ５：
Edit|2034|466|184|37|23|50010081|0|1|
Edit|2069|519|184|37|23|50010081|0|1|
Static|-1|403|186|56|15|50020201|0|1|Ｆ６：
Edit|2035|466|205|37|23|50010081|0|1|
Edit|2070|519|205|37|23|50010081|0|1|
Static|-1|403|206|56|15|50020201|0|1|Ｆ７：
Edit|2036|466|225|37|23|50010081|0|1|
Edit|2071|519|225|37|23|50010081|0|1|
Static|-1|403|227|56|15|50020201|0|1|Ｆ８：
Edit|2037|466|246|37|23|50010081|0|1|
Edit|2072|519|246|37|23|50010081|0|1|
Static|-1|403|248|56|15|50020201|0|1|Ｆ９：
Static|-1|403|268|75|15|50020200|0|1|Tab
Static|-1|484|268|105|15|50020200|0|1|： 属性取得
Static|-1|401|287|75|15|50020200|0|1|Shift+Tab
Static|-1|484|289|110|15|50020200|0|1|： レイヤ非表示化
Button|1325|403|310|159|15|50010003|0|1|直接属性取得を行う
Static|-1|484|330|110|15|50020200|0|1| Shift+Esc：進む
Static|-1|403|332|70|15|50020200|0|1|Esc：戻る 
Static|-1|36|319|75|15|50020202|0|1|ｽﾍﾟｰｽ ：
Button|1323|333|351|261|15|50010003|0|1|キーによるコマンド選択を無効にする
Button|1324|333|371|261|15|50010003|0|1|Numキー(*)のコマンド選択を無効にする
Static|-1|23|355|264|15|50020000|0|1|コマンド一覧     ( [0] は無指定 )
Static|-1|23|379|298|15|50020000|0|1| 1 AUTO    2 線    3矩形    4円弧    5文字    6点    7寸法
Static|-1|23|396|513|15|50020000|0|1| 8 ２線  9中心線  10連続線  11複線  12ｺｰﾅｰ  13伸縮  14面取 15消去  16複写 17移動
Static|-1|23|413|560|15|50020000|0|1| 18接線 19接円 20建具平面 21断面 22立面 23多角形 24曲線 25包絡  26分割 27図形 
Static|-1|23|430|560|15|50020000|0|1| 28記号 29ﾊﾟﾗﾒﾄﾘｯｸ 30外部 31測定 32登録選択図 33範囲選択 34貼付 35ﾊｯﾁ 36ﾃﾞｰﾀ整理 
Static|-1|23|446|560|15|50020000|0|1| 37座標ファイル  38接楕円   39表計算   40距離指定点   41式計算  42属性変更   43ソリッド 
Static|-1|23|463|560|15|50020000|0|1|(73ﾀｸﾞｼﾞｬﾝﾌﾟ 74読変 75ｺﾋﾟｰ 76方向変 77直線伸縮 78全属性取得 80端点移動 81線属性設定) 
Static|-1|23|480|560|15|50020000|0|1|(82ﾚｲﾔ設定  83軸角取得   84軸角･目盛   85目盛基点   86画面倍率 　87線角度　 88線鉛直角 )
Static|-1|23|497|560|15|50020000|0|1|(89X軸角度  90 2点間角  91数値角  92線長 93 2点長 94数値長  95間隔  96縮尺　97JWCを開く)
Static|-1|23|514|560|15|50020000|0|1|(98開く　99印刷　100保存　150ｽﾞｰﾑ　155範囲確定・基準点変更　156基準点変更)
Static|-1|23|531|560|15|50020000|0|1|(ﾏｰｸｼﾞｬﾝﾌﾟ [1]～[8] 登録101～108 表示121～128) (110寸法設定 111環境ﾌｧｲﾙ読込 112基本設定)
