=== dialog 32917 window 1110x640 client 1094x601 at 77,39 in the frame
Edit|2086|84|0|23|20|50010080|0|1|
Edit|2087|142|0|23|20|50010080|0|1|
Static|1999|126|5|14|12|50020000|0|1|×
msctls_updown32|1735|107|0|17|20|50000020|0|1|Spin1
msctls_updown32|1736|166|0|17|20|50000020|0|1|Spin1
SysTreeView32|1775|0|23|0|577|50010023|0|1|Tree1
Edit|1487|389|5|593|18|50010880|0|1|
Button|1323|4|3|77|17|58010003|0|0|リスト表示
Button|2865|299|3|86|17|40010003|0|1|グループ化
Button|2866|299|3|86|17|40010003|0|1|グループ化
Button|2408|291|0|58|21|40010000|0|1|新規
ComboBox|2002|186|0|47|20|40000203|0|1|
ComboBox|2003|196|0|47|20|40000203|0|1|
Edit|2575|252|0|23|20|50010080|0|1|
msctls_updown32|1737|275|0|17|20|50000020|0|1|
SysListView32|1882|100|100|10|10|42000209|0|1|
SysHeader32|0|100|100|0|0|400000c2|0|1|
Afx:00400000:400b:491D07FD:00000000:00000000|1|0|0|1|1|52000000|0|1|
Afx:00400000:b:6D520501:00000006:00000000|1|2|23|273|144|52400000|0|1|ファイル選択
Afx:00400000:b:6D520501:00000006:00000000|1|275|23|273|144|52400000|0|1|ファイル選択
Afx:00400000:b:6D520501:00000006:00000000|1|548|23|273|144|52400000|0|1|ファイル選択
Afx:00400000:b:6D520501:00000006:00000000|1|821|23|273|144|52400000|0|1|ファイル選択
Afx:00400000:b:6D520501:00000006:00000000|1|2|167|273|144|52400000|0|1|ファイル選択
Afx:00400000:b:6D520501:00000006:00000000|1|275|167|273|144|52400000|0|1|ファイル選択
Afx:00400000:b:6D520501:00000006:00000000|1|548|167|273|144|52400000|0|1|ファイル選択
Afx:00400000:b:6D520501:00000006:00000000|1|821|167|273|144|52400000|0|1|ファイル選択
Afx:00400000:b:6D520501:00000006:00000000|1|2|311|273|144|52400000|0|1|ファイル選択
Afx:00400000:b:6D520501:00000006:00000000|1|275|311|273|144|52400000|0|1|ファイル選択
Afx:00400000:b:6D520501:00000006:00000000|1|548|311|273|144|52400000|0|1|ファイル選択
Afx:00400000:b:6D520501:00000006:00000000|1|821|311|273|144|52400000|0|1|ファイル選択
Afx:00400000:b:6D520501:00000006:00000000|1|2|455|273|144|52400000|0|1|ファイル選択
Afx:00400000:b:6D520501:00000006:00000000|1|275|455|273|144|52400000|0|1|ファイル選択
Afx:00400000:b:6D520501:00000006:00000000|1|548|455|273|144|52400000|0|1|ファイル選択
Afx:00400000:b:6D520501:00000006:00000000|1|821|455|273|144|52400000|0|1|ファイル選択
