=== dialog 32808 window 294x410 client 278x371 at 485,144 in the frame
Button|1087|105|42|25|21|50010081|0|1|0
Button|1144|163|44|81|20|50010000|0|1|S=1/200
Button|1|14|338|254|27|50010000|0|1|OK
Static|-1|11|45|89|18|50021201|0|1|グループの状態
Static|-1|11|72|88|20|50021201|0|1|グループ名
ComboBox|1838|117|71|140|18|50010241|0|1|
ComboLBox|1000|117|91|140|4|54008041|0|1|
Edit|1001|120|74|134|14|50000380|0|1|
Button|1063|25|135|25|21|50010080|0|1|0
Button|1064|53|135|25|21|50010080|0|1|1
Button|1065|81|135|25|21|50010080|0|1|2
Button|1066|109|135|25|21|50010080|0|1|3
Button|1067|137|135|25|21|50010080|0|1|4
Button|1068|165|135|25|21|50010080|0|1|5
Button|1069|193|135|25|21|50010080|0|1|6
Button|1070|221|135|25|21|50010080|0|1|7
Button|1071|25|183|25|21|50010080|0|1|8
Button|1072|53|183|25|21|50010080|0|1|9
Button|1115|81|183|25|21|50010080|0|1|A
Button|1116|109|183|25|21|50010080|0|1|B
Button|1117|137|183|25|21|50010080|0|1|C
Button|1118|165|183|25|21|50010080|0|1|D
Button|1119|193|183|25|21|50010080|0|1|E
Button|1142|221|183|25|21|50010080|0|1|F
Static|1976|54|114|21|18|50021201|0|1|1
Static|1977|82|114|21|18|50021201|0|1|2
Static|1978|110|114|21|18|50021201|0|1|3
Static|1979|138|114|21|18|50021201|0|1|4
Static|1980|166|114|21|18|50021201|0|1|5
Static|1981|194|114|21|18|50021201|0|1|6
Static|1982|222|114|21|18|50021201|0|1|7
Static|1983|26|162|21|18|50021201|0|1|8
Static|1984|54|162|21|18|50021201|0|1|9
Static|1985|82|162|21|18|50021201|0|1|A
Static|1986|110|162|21|18|50021201|0|1|B
Static|1987|138|162|21|18|50021201|0|1|C
Static|1975|26|114|21|18|50021201|0|1|0
Static|1988|166|162|21|18|50021201|0|1|D
Static|1989|194|162|21|18|50021201|0|1|E
Static|1990|222|162|21|18|50021201|0|1|F
Button|-1|14|96|245|171|50000007|0|1|レイヤ状態
Button|1141|25|212|77|18|50010000|0|1|一括
Button|1143|140|212|60|18|40010000|0|1|グループ
Static|-1|25|240|77|20|50021201|0|1|レイヤ名
ComboBox|1839|121|240|124|18|50010241|0|1|
ComboLBox|1000|121|260|124|4|54008041|0|1|
Edit|1001|124|243|118|14|50000380|0|1|
SysTabControl32|1773|0|0|278|278|54008600|0|1|Tab2
Button|2000|14|282|96|21|50010f00|0|1|全レイヤ編集
Button|1073|119|282|96|21|50010f00|0|1|全レイヤ非表示
Button|2001|228|282|35|21|58010f00|0|0|戻す
Button|1524|14|305|259|15|50000003|0|1|[全レイヤ非表示]を[全レイヤ表示のみ] にする
Button|1323|14|321|259|15|50000003|0|1|レイヤグループ名をステータスバーに表示する
