=== dialog 1064 window 255x239 client 239x200 at 505,230 in the frame
Button|1|11|150|219|24|50030001|0|1|OK
Button|65535|60|11|167|86|50020007|0|1|文字基点
Button|1689|68|30|45|15|50020009|0|1|左上
Button|1690|68|53|45|15|50000009|0|1|左中
Button|1691|68|75|45|15|50010009|1|1|左下
Button|1692|120|30|45|15|50000009|0|1|中上
Button|1693|120|53|45|15|50000009|0|1|中中
Button|1694|120|75|45|15|50000009|0|1|中下
Button|1695|173|30|45|15|50000009|0|1|右上
Button|1696|173|53|45|15|50000009|0|1|右中
Button|1697|173|75|45|15|50000009|0|1|右下
Edit|2004|72|105|38|18|58030081|0|0|
Edit|2005|125|105|38|18|58030081|0|0|
Edit|2006|176|105|39|18|58030081|0|0|
Edit|2007|11|74|36|18|58030081|0|0|
Edit|2008|11|51|36|18|58030081|0|0|
Edit|2009|11|29|36|18|58030081|0|0|
Static|65535|90|129|117|14|50020201|0|1|横ずれ(図寸法mm)
Static|65535|11|9|38|14|50020201|0|1|縦ずれ
Button|1323|11|129|71|14|50030003|0|1|ずれ使用
Button|1325|62|179|81|14|40030003|0|1|文字横方向
Button|1326|153|179|86|14|40030003|0|1|文字縦方向
Static|1998|2|179|54|14|40020202|0|1|文字移動
Button|1327|11|185|71|14|50030003|0|1|下線作図
Button|1328|90|185|72|14|50030003|0|1|上線作図
Button|1329|165|185|74|14|50030003|0|1|左右縦線
