=== dialog 1843 window 406x375 client 390x336 at 429,162 in the frame
ComboBox|1423|84|26|156|20|50010242|0|1|
Edit|1001|87|29|133|14|50000380|0|1|
Button|1|15|2|276|21|50010001|0|1|OK
Button|2|297|2|83|21|50010000|0|1|キャンセル
Edit|1491|113|83|45|20|50010002|0|1|
Edit|1492|162|83|44|21|50010002|0|1|
Edit|1493|209|83|45|21|50010002|0|1|
Edit|1494|17|45|39|21|40010001|0|1|
ComboBox|2358|258|83|62|20|50010203|0|1|
Static|-1|132|68|21|14|50020000|0|1|幅
Static|-1|179|68|26|14|50020000|0|1|高さ
Static|-1|227|68|26|14|50020000|0|1|間隔
Static|-1|14|30|56|14|50020000|0|1|フォント
Static|2504|113|108|264|14|50020000|0|1|   2.00    2.00   0.000    (1)         --
Static|2505|113|131|264|14|50020000|0|1|   2.50    2.50   0.000    (1)         22
Static|2506|113|153|264|14|50020000|0|1|   3.00    3.00   0.500    (2)         --
Static|2507|113|176|264|14|50020000|0|1|   4.00    4.00   0.500    (2)         --
Static|2508|113|198|264|14|50020000|0|1|   5.00    5.00   0.500    (3)         --
Static|2509|113|221|264|14|50020000|0|1|   6.00    6.00   0.500    (3)         --
Static|2510|113|243|264|14|50020000|0|1|   7.00    7.00   1.000    (4)         --
Static|2511|113|266|264|14|50020000|0|1|   8.00    8.00   1.000    (4)         --
Static|2512|113|288|264|14|50020000|0|1|   9.00    9.00   1.000    (5)         --
Static|2513|113|311|264|14|50020000|0|1|  10.00   10.00   1.000    (5)         --
ComboBox|1423|77|27|149|20|40010243|0|1|
Button|1884|15|86|77|15|50030009|1|1|任意サイズ
Button|1689|15|108|83|15|50000009|0|1|文字種[ 1]
Button|1690|15|131|77|15|50000009|0|1|文字種[ 2]
Button|1691|15|153|77|15|50000009|0|1|文字種[ 3]
Button|1692|15|176|77|15|50000009|0|1|文字種[ 4]
Button|1693|15|198|77|15|50000009|0|1|文字種[ 5]
Button|1694|15|221|77|15|50000009|0|1|文字種[ 6]
Button|1695|15|243|77|15|50000009|0|1|文字種[ 7]
Button|1696|15|266|77|15|50000009|0|1|文字種[ 8]
Button|1697|15|288|77|15|50000009|0|1|文字種[ 9]
Button|1698|15|311|77|15|50000009|0|1|文字種[10]
Static|-1|266|68|39|14|50020001|0|1|色No.
Button|2420|113|48|50|15|50030d03|0|1|斜体
Static|-1|317|68|51|14|50020001|0|1|使用数
Static|1932|323|87|63|14|50020000|0|1|    21
Button|2413|192|48|53|15|50030d03|0|1|太字
Button|1342|264|29|96|15|50010003|1|1|フォント読取
Button|1322|264|50|77|12|50000003|0|1|角度継続
