=== dialog 32944 window 504x227 client 488x188 at 380,236 in the frame
Edit|1471|289|42|61|20|50010081|0|1|
Edit|1470|222|42|42|20|50010081|0|1|
Button|1|369|38|114|27|50010001|0|1|OK
Button|2|404|5|79|21|50010000|0|1|ｷｬﾝｾﾙ
Button|1704|224|83|75|15|50030009|1|1|実寸固定
Button|1705|341|83|75|15|50000009|0|1|図寸固定
Button|65535|200|66|284|65|50020007|0|1|縮尺変更時
Static|65535|268|42|16|20|50020201|0|1|／
Static|65535|187|45|26|12|50020000|0|1|縮尺
Button|2501|191|167|280|15|50000003|1|1|表示のみレイヤの読取点を読み取る
Button|2500|191|144|292|15|50000003|1|1|表示のみレイヤのデータを基準線等の場合は読取る
Button|1954|191|2|191|15|50000003|0|1|全レイヤグループの縮尺変更
Static|65535|205|18|175|14|50020000|0|1|（編集可能レイヤグループのみ）
Static|65535|9|21|16|12|50020000|0|1|[0]
Static|65535|9|42|14|12|50020000|0|1|[1]
Static|65535|9|63|14|12|50020000|0|1|[2]
Static|65535|9|84|14|12|50020000|0|1|[3]
Static|65535|9|105|14|12|50020000|0|1|[4]
Static|65535|9|126|14|12|50020000|0|1|[5]
Static|65535|9|147|14|12|50020000|0|1|[6]
Static|65535|9|168|14|12|50020000|0|1|[7]
Static|65535|96|21|16|12|50020000|0|1|[8]
Static|65535|96|42|16|12|50020000|0|1|[9]
Static|65535|96|63|19|12|50020000|0|1|[A]
Static|65535|96|84|19|12|50020000|0|1|[B]
Static|65535|96|105|19|12|50020000|0|1|[C]
Static|65535|96|126|19|12|50020000|0|1|[D]
Static|65535|96|147|19|12|50020000|0|1|[E]
Static|65535|96|168|19|12|50020000|0|1|[F]
Static|1959|32|21|54|12|50020000|0|1|1/200
Static|1960|32|42|54|12|50020000|0|1|1/100
Static|1961|32|63|54|12|50020000|0|1|1/100
Static|1962|32|84|54|12|50020000|0|1|1/100
Static|1963|32|105|54|12|50020000|0|1|1/100
Static|1964|32|126|54|12|50020000|0|1|1/100
Static|1965|32|147|54|12|50020000|0|1|1/100
Static|1966|32|168|54|12|50020000|0|1|1/100
Static|1967|121|21|54|12|50020000|0|1|1/100
Static|1968|121|42|54|12|50020000|0|1|1/100
Static|1969|121|63|54|12|50020000|0|1|1/100
Static|1970|121|84|54|12|50020000|0|1|1/100
Static|1971|121|105|54|12|50020000|0|1|1/100
Static|1972|121|126|54|12|50020000|0|1|1/100
Static|1973|121|147|54|12|50020000|0|1|1/100
Static|1974|121|168|54|12|50020000|0|1|1/1
Button|65535|2|2|182|183|50020007|0|1|レイヤグループ縮尺一覧
Button|1955|224|107|110|15|50000003|0|1|文字サイズ変更
Button|1956|341|107|130|15|50000003|0|1|点マーカサイズ変更
