=== dialog 32925 window 384x590 client 368x551 at 440,54 in the frame
ComboBox|1423|143|30|107|20|50010242|0|1|
Edit|1001|146|33|84|14|50000380|0|1|
Button|1|198|3|163|24|50010001|0|1|OK
Static|-1|11|9|147|12|50020000|0|1|【設定値は図寸(mm)単位】
Static|-1|11|33|54|12|50020200|0|1|文字種類
Edit|1488|65|30|23|18|50010081|0|1|
Static|-1|96|33|47|12|50020001|0|1|フォント
ComboBox|1423|144|30|133|20|40010243|0|1|
Button|2420|292|32|68|17|50030003|0|1|斜体
Static|-1|11|56|51|14|50020000|0|1|寸法線色
Edit|1489|65|53|23|18|50010081|0|1|
Static|-1|98|56|51|14|50020000|0|1|引出線色
Edit|2083|151|53|23|18|50030081|0|1|
Static|-1|187|56|60|14|50020000|0|1|矢印・点色
Edit|1473|250|53|26|18|50030081|0|1|
Static|-1|11|75|121|12|50020000|0|1|寸法線と文字の間隔
Edit|1475|131|72|47|18|50010081|0|1|
Static|-1|187|77|58|12|50020000|0|1|矢印設定
Static|-1|273|77|42|12|50020000|0|1|長さ
Edit|1477|315|72|46|18|50010081|0|1|
Static|-1|11|95|119|12|50020000|0|1|引出線の突出寸法
Edit|1479|131|92|47|18|50010081|0|1|
Static|-1|273|96|42|12|50020000|0|1|角度
Edit|1481|315|92|46|18|50010081|0|1|
Button|2842|207|96|51|12|50010c03|0|1|ｿﾘｯﾄﾞ
Static|-1|152|114|163|12|50020000|0|1|逆矢印の寸法線突出寸法
Edit|2080|315|110|46|18|50010081|0|1|
Button|1801|11|132|70|12|50010c03|0|1|全角文字
Button|1345|88|132|96|12|50010c03|0|1|( ，)をスペース
Button|1346|191|132|70|12|50010c03|0|1|( ，)全角
Button|1347|292|132|68|12|50010c03|0|1|( ．)全角
Button|-1|11|147|147|32|50020007|0|1|寸法単位
Button|1718|42|159|46|15|50030009|1|1|mm
Button|1719|105|159|40|15|50000009|0|1|ｍ
Button|-1|11|218|350|50|50020007|0|1|小数点以下
Static|-1|44|233|61|12|50020000|0|1|表 示 桁 数
Button|2330|131|233|40|15|50020009|0|1|０桁
Button|2331|177|233|39|15|50000009|0|1|１桁
Button|2332|226|233|40|15|50010009|1|1|２桁
Button|2333|287|233|74|15|50000009|0|1|３桁
Button|-1|207|147|154|32|50020007|0|1|寸法単位表示
Button|1716|296|159|40|15|50030009|1|1|無
Button|1717|221|159|40|15|50000009|0|1|有
Button|-1|11|182|147|32|50020007|0|1|寸法値の（ ，）表示
Button|1707|105|195|40|15|50020009|0|1|無
Button|1708|42|195|40|15|50010009|1|1|有
Button|-1|207|182|154|32|50020007|0|1|小数点以下の０表示
Button|2487|296|195|40|15|50030009|1|1|無
Button|2488|221|197|40|15|50000009|0|1|有
Button|-1|11|272|350|30|50020007|0|1|半径（Ｒ）、直径（φ）
Button|1709|287|284|40|15|50020009|0|1|無
Button|1710|131|284|53|15|50010009|1|1|前付
Button|1711|207|284|54|15|50000009|0|1|後付
Button|-1|11|305|184|36|50020007|0|1|角度単位
Button|1726|46|320|67|15|50020009|0|1|度（゜）
Button|1727|131|320|61|15|50010009|1|1|度分秒
Button|-1|11|345|350|54|50020007|0|1|引出線位置・寸法線位置  指定 [＝(1)] [＝(2)]
Static|-1|23|363|116|12|50020000|0|1|指定 1  引出線位置
Edit|1482|138|360|51|18|50010081|0|1|
Edit|1483|287|360|61|18|50010081|0|1|
Static|-1|23|381|116|12|50020000|0|1|指定 2  引出線位置
Edit|1484|138|378|51|18|50010081|0|1|
Static|-1|207|381|79|12|50020000|0|1|寸法線位置
Edit|1485|287|378|61|18|50010081|0|1|
Button|-1|11|404|235|36|50020007|0|1|指示点からの引出線位置  指定 [ － ]
Static|-1|56|422|75|12|50020000|0|1|引出線位置
Edit|1486|137|419|54|18|50010081|0|1|
Button|22|287|410|74|30|50010001|0|1|OK
Button|-1|11|443|350|35|50020007|0|1|累進寸法
Button|2417|21|459|63|12|50030c03|0|1|基点円
Static|-1|93|459|42|12|50020000|0|1|円半径
Edit|2082|138|456|54|18|50030081|0|1|
Button|2423|242|459|119|12|50030c03|0|1|文字高位置中心
Button|2424|11|482|350|12|50010c03|0|1|寸法線と値を【寸法図形】にする。円周､角度､寸法値を除く
Button|2425|11|498|350|12|50010c03|0|1|寸法図形を複写・パラメトリック変形等で現寸法設定に変更
Button|2419|11|114|110|12|50030c03|0|1|文字方向無補正
Button|2416|11|515|312|12|50030c03|0|1|作図した寸法線の角度を次回の作図に継続する
Edit|2084|298|324|30|18|58030081|0|0|
Static|-1|201|327|89|12|50020002|0|1|小数点以下桁数
Button|1323|205|308|123|15|58010003|0|0|度(゜)単位追加 無
Button|2413|292|54|68|17|50030003|0|1|太字
Button|2489|131|249|70|15|50030009|1|1|四捨五入
Button|2490|207|249|46|15|50000009|0|1|切捨
Button|2491|287|249|46|15|50000009|0|1|切上
Static|-1|44|249|88|12|50020000|0|1|表示桁以下
Static|-1|207|363|79|12|50020000|0|1|寸法線位置
Button|2861|11|531|312|12|50030c03|0|1|寸法をグループ化する
