# width axis offset start end   -- tools/gdiwide.c
1 h 0 0 -1
1 v 0 0 -1
2 h -1 1 0
2 h 0 0 0
2 v -1 0 0
2 v 0 0 0
3 h -1 0 0
3 h 0 -1 1
3 h 1 0 0
3 v -1 0 0
3 v 0 -1 1
3 v 1 0 0
4 h -2 1 0
4 h -1 -1 1
4 h 0 -1 1
4 h 1 -1 1
4 v -2 0 -1
4 v -1 -1 1
4 v 0 -1 1
4 v 1 -1 1
5 h -2 -1 1
5 h -1 -2 2
5 h 0 -2 2
5 h 1 -2 2
5 h 2 -1 1
5 v -2 -1 1
5 v -1 -2 2
5 v 0 -2 2
5 v 1 -2 2
5 v 2 -1 1
6 h -3 1 0
6 h -2 -1 1
6 h -1 -2 2
6 h 0 -2 2
6 h 1 -2 2
6 h 2 -1 1
6 v -3 0 -1
6 v -2 -1 1
6 v -1 -2 2
6 v 0 -2 2
6 v 1 -2 2
6 v 2 -1 1
7 h -3 -1 1
7 h -2 -2 2
7 h -1 -3 3
7 h 0 -3 3
7 h 1 -3 3
7 h 2 -2 2
7 h 3 -1 1
7 v -3 -1 1
7 v -2 -2 2
7 v -1 -3 3
7 v 0 -3 3
7 v 1 -3 3
7 v 2 -2 2
7 v 3 -1 1
8 h -4 0 -1
8 h -3 -2 2
8 h -2 -3 3
8 h -1 -3 3
8 h 0 -3 3
8 h 1 -3 3
8 h 2 -3 3
8 h 3 -2 2
8 v -4 0 0
8 v -3 -2 2
8 v -2 -3 3
8 v -1 -3 3
8 v 0 -3 3
8 v 1 -3 3
8 v 2 -3 3
8 v 3 -2 2
9 h -4 -1 1
9 h -3 -3 3
9 h -2 -3 3
9 h -1 -4 4
9 h 0 -4 4
9 h 1 -4 4
9 h 2 -3 3
9 h 3 -3 3
9 h 4 -1 1
9 v -4 -1 1
9 v -3 -3 3
9 v -2 -3 3
9 v -1 -4 4
9 v 0 -4 4
9 v 1 -4 4
9 v 2 -3 3
9 v 3 -3 3
9 v 4 -1 1
10 h -5 0 -1
10 h -4 -2 2
10 h -3 -3 3
10 h -2 -4 4
10 h -1 -4 4
10 h 0 -4 4
10 h 1 -4 4
10 h 2 -4 4
10 h 3 -3 3
10 h 4 -2 2
10 v -5 0 0
10 v -4 -2 2
10 v -3 -3 3
10 v -2 -4 4
10 v -1 -4 4
10 v 0 -4 4
10 v 1 -4 4
10 v 2 -4 4
10 v 3 -3 3
10 v 4 -2 2
11 h -5 -1 1
11 h -4 -3 3
11 h -3 -4 4
11 h -2 -4 4
11 h -1 -5 5
11 h 0 -5 5
11 h 1 -5 5
11 h 2 -4 4
11 h 3 -4 4
11 h 4 -3 3
11 h 5 -1 1
11 v -5 -1 1
11 v -4 -3 3
11 v -3 -4 4
11 v -2 -4 4
11 v -1 -5 5
11 v 0 -5 5
11 v 1 -5 5
11 v 2 -4 4
11 v 3 -4 4
11 v 4 -3 3
11 v 5 -1 1
12 h -6 0 -1
12 h -5 -2 2
12 h -4 -4 4
12 h -3 -4 4
12 h -2 -5 5
12 h -1 -5 5
12 h 0 -5 5
12 h 1 -5 5
12 h 2 -5 5
12 h 3 -4 4
12 h 4 -4 4
12 h 5 -2 2
12 v -6 0 0
12 v -5 -2 2
12 v -4 -4 4
12 v -3 -4 4
12 v -2 -5 5
12 v -1 -5 5
12 v 0 -5 5
12 v 1 -5 5
12 v 2 -5 5
12 v 3 -4 4
12 v 4 -4 4
12 v 5 -2 2
13 h -6 -2 2
13 h -5 -3 3
13 h -4 -4 4
13 h -3 -5 5
13 h -2 -6 6
13 h -1 -6 6
13 h 0 -6 6
13 h 1 -6 6
13 h 2 -6 6
13 h 3 -5 5
13 h 4 -4 4
13 h 5 -3 3
13 h 6 -2 2
13 v -6 -2 2
13 v -5 -3 3
13 v -4 -4 4
13 v -3 -5 5
13 v -2 -6 6
13 v -1 -6 6
13 v 0 -6 6
13 v 1 -6 6
13 v 2 -6 6
13 v 3 -5 5
13 v 4 -4 4
13 v 5 -3 3
13 v 6 -2 2
14 h -7 0 -1
14 h -6 -3 3
14 h -5 -4 4
14 h -4 -5 5
14 h -3 -6 6
14 h -2 -6 6
14 h -1 -6 6
14 h 0 -6 6
14 h 1 -6 6
14 h 2 -6 6
14 h 3 -6 6
14 h 4 -5 5
14 h 5 -4 4
14 h 6 -3 3
14 v -7 0 0
14 v -6 -3 3
14 v -5 -4 4
14 v -4 -5 5
14 v -3 -6 6
14 v -2 -6 6
14 v -1 -6 6
14 v 0 -6 6
14 v 1 -6 6
14 v 2 -6 6
14 v 3 -6 6
14 v 4 -5 5
14 v 5 -4 4
14 v 6 -3 3
15 h -7 -2 2
15 h -6 -4 4
15 h -5 -5 5
15 h -4 -6 6
15 h -3 -6 6
15 h -2 -7 7
15 h -1 -7 7
15 h 0 -7 7
15 h 1 -7 7
15 h 2 -7 7
15 h 3 -6 6
15 h 4 -6 6
15 h 5 -5 5
15 h 6 -4 4
15 h 7 -2 2
15 v -7 -2 2
15 v -6 -4 4
15 v -5 -5 5
15 v -4 -6 6
15 v -3 -6 6
15 v -2 -7 7
15 v -1 -7 7
15 v 0 -7 7
15 v 1 -7 7
15 v 2 -7 7
15 v 3 -6 6
15 v 4 -6 6
15 v 5 -5 5
15 v 6 -4 4
15 v 7 -2 2
16 h -8 0 -1
16 h -7 -3 3
16 h -6 -4 4
16 h -5 -6 6
16 h -4 -6 6
16 h -3 -7 7
16 h -2 -7 7
16 h -1 -7 7
16 h 0 -7 7
16 h 1 -7 7
16 h 2 -7 7
16 h 3 -7 7
16 h 4 -6 6
16 h 5 -6 6
16 h 6 -4 4
16 h 7 -3 3
16 v -8 0 0
16 v -7 -3 3
16 v -6 -5 5
16 v -5 -5 5
16 v -4 -6 6
16 v -3 -7 7
16 v -2 -7 7
16 v -1 -7 7
16 v 0 -7 7
16 v 1 -7 7
16 v 2 -7 7
16 v 3 -7 7
16 v 4 -6 6
16 v 5 -5 5
16 v 6 -5 5
16 v 7 -3 3
