# 色の設定 (comdlg32 の ChooseColor) で採点から外すところ。
# docs/ref_colordlg.png の座標（窓まるごと 545x384）。
# tools/mkcdareas.py が書きます。

# 窓の縁と見出し -- PrintWindow が黒く写すところ
0 0 545 31
0 31 8 353
537 31 8 353
0 376 545 8

# Windows の字で描いてあるところ
15 39 245 17
15 230 245 17
15 312 242 26
15 342 77 26
99 342 77 26
183 342 77 26
274 316 19 17
300 316 53 17
348 267 67 17
416 264 32 23
348 294 67 17
416 290 32 23
362 320 53 17
416 316 32 23
447 267 42 17
493 264 32 23
447 294 42 17
493 290 32 23
447 320 42 17
493 316 32 23
274 342 250 26
