# Where the 基本設定 dialog draws text with a Windows font
# on its 色・画面 tab, in the coordinates of its own picture (the
# whole 624x635 window).  The frame, the caption and the tab
# strip go with them: Windows draws those itself, the strip
# with a theme the port has no copy of.  Written by
# tools/mkkihon.py.

0 0 624 31
0 31 8 596
616 31 8 596
0 627 624 8
14 38 596 29
36 68 564 21
27 88 263 17
291 88 300 17
116 107 16 17
163 107 16 17
205 107 16 17
246 107 39 17
40 126 59 18
106 122 39 26
149 122 39 26
193 122 39 26
246 122 39 26
40 152 59 18
106 148 39 26
149 148 39 26
193 148 39 26
246 148 39 26
40 179 59 18
106 175 39 26
149 175 39 26
193 175 39 26
246 175 39 26
40 205 59 18
106 201 39 26
149 201 39 26
193 201 39 26
246 201 39 26
40 231 59 18
106 227 39 26
149 227 39 26
193 227 39 26
246 227 39 26
40 257 59 18
106 253 39 26
149 253 39 26
193 253 39 26
246 253 39 26
40 284 59 18
106 280 39 26
149 280 39 26
193 280 39 26
246 280 39 26
40 310 59 18
106 306 39 26
149 306 39 26
193 306 39 26
246 306 39 26
40 336 59 18
106 332 32 26
149 332 39 26
193 332 39 26
246 338 39 17
40 362 59 18
106 358 39 26
149 358 39 26
193 358 39 26
246 358 39 26
40 389 59 18
106 385 39 26
149 385 39 26
193 385 39 26
40 415 59 18
106 411 39 26
149 411 39 26
193 411 39 26
389 107 16 17
428 107 16 17
475 107 16 17
512 107 34 17
543 107 41 17
302 126 54 18
365 122 39 26
407 122 39 26
449 122 39 26
508 122 37 26
548 122 35 26
302 152 54 18
365 148 39 26
407 148 39 26
449 148 39 26
508 148 37 26
548 148 35 26
302 179 54 18
365 175 39 26
407 175 39 26
449 175 39 26
508 175 37 26
548 175 35 26
302 205 54 18
365 201 39 26
407 201 39 26
449 201 39 26
508 201 37 26
548 201 35 26
302 231 54 18
365 227 39 26
407 227 39 26
449 227 39 26
508 227 37 26
548 227 35 26
302 257 54 18
365 253 39 26
407 253 39 26
449 253 39 26
508 253 37 26
548 253 35 26
302 284 54 18
365 280 39 26
407 280 39 26
449 280 39 26
508 280 37 26
548 280 35 26
302 310 54 18
365 306 39 26
407 306 39 26
449 306 39 26
508 306 37 26
548 306 35 26
302 336 54 18
365 332 32 26
400 332 34 26
435 332 34 26
470 338 39 17
494 338 90 17
291 364 300 17
302 389 54 18
365 385 39 26
407 385 39 26
449 385 39 26
302 415 54 18
365 411 39 26
407 411 39 26
449 411 39 26
528 415 52 18
42 456 295 25
348 456 218 25
42 484 206 19
261 484 76 17
348 484 174 19
526 484 61 17
27 510 72 23
100 508 51 25
142 512 401 17
543 508 41 25
40 544 89 20
148 544 73 20
230 544 73 20
314 544 87 20
412 544 96 20
547 544 33 20
241 596 82 20
336 596 82 20
430 596 82 20
525 596 82 20
