# Where the 基本設定 dialog draws text with a Windows font
# on its DXF・SXF・JWC tab, in the coordinates of its own picture (the
# whole 624x635 window).  The frame, the caption and the tab
# strip go with them: Windows draws those itself, the strip
# with a theme the port has no copy of.  Written by
# tools/mkkihon.py.

0 0 624 31
0 31 8 596
616 31 8 596
0 627 624 8
14 38 596 29
29 73 149 17
56 100 118 17
181 73 153 17
205 100 120 17
335 73 254 17
357 94 190 21
357 143 230 21
357 118 185 21
357 167 78 21
462 167 48 21
29 137 305 17
58 167 213 17
27 197 562 17
36 221 18 17
57 216 30 28
90 221 144 17
36 251 18 17
57 246 30 28
90 251 193 17
36 281 18 17
57 276 30 28
90 281 186 17
385 220 185 21
43 311 529 17
51 334 18 17
76 336 53 17
162 336 18 17
184 336 25 17
211 336 49 25
263 336 287 26
76 360 60 17
211 360 49 25
263 360 287 26
76 385 60 17
211 385 49 25
263 385 287 26
76 409 60 17
211 409 49 25
263 409 287 26
76 433 88 17
211 433 49 25
263 433 287 26
76 458 88 17
211 458 49 25
263 458 287 26
76 482 88 17
211 482 49 25
263 482 287 26
76 506 88 17
211 506 49 25
263 506 287 26
213 554 173 20
517 165 57 20
241 596 82 20
336 596 82 20
430 596 82 20
525 596 82 20
