# Where the 基本設定 dialog draws text with a Windows font
# on its KEY tab, in the coordinates of its own picture (the
# whole 624x635 window).  The frame, the caption and the tab
# strip go with them: Windows draws those itself, the strip
# with a theme the port has no copy of.  Written by
# tools/mkkihon.py.

0 0 624 31
0 31 8 596
616 31 8 596
0 627 624 8
14 38 596 29
142 66 51 17
97 90 39 25
149 90 39 25
30 92 51 17
97 111 39 25
149 111 39 25
30 113 51 17
97 131 39 25
149 131 39 25
30 133 51 17
97 152 39 25
149 152 39 25
30 154 51 17
97 173 39 25
149 173 39 25
30 175 51 17
97 193 39 25
149 193 39 25
30 195 51 17
97 214 39 25
149 214 39 25
30 216 51 17
97 235 39 25
149 235 39 25
30 236 51 17
97 255 39 25
149 255 39 25
30 257 51 17
79 257 16 17
97 276 39 25
149 276 39 25
30 278 51 17
79 278 16 17
97 296 39 25
149 296 39 25
30 298 51 17
79 298 16 17
97 317 39 25
149 317 39 25
30 319 51 17
79 319 16 17
130 345 39 25
333 66 51 17
289 90 39 25
340 90 39 25
219 92 55 17
272 92 16 17
289 111 39 25
340 111 39 25
219 113 55 17
289 131 39 25
340 131 39 25
219 133 55 17
272 133 16 17
289 152 39 25
340 152 39 25
219 154 55 17
289 173 39 25
340 173 39 25
219 175 55 17
289 193 39 25
340 193 39 25
219 195 55 17
289 214 39 25
340 214 39 25
219 216 55 17
289 235 39 25
340 235 39 25
219 236 55 17
289 255 39 25
340 255 39 25
219 257 55 17
272 257 16 17
289 276 39 25
340 276 39 25
219 278 55 17
289 296 39 25
340 296 39 25
219 298 55 17
289 317 39 25
340 317 39 25
219 319 55 17
519 66 51 17
473 90 39 25
526 90 39 25
410 92 58 17
473 111 39 25
526 111 39 25
410 113 58 17
473 131 39 25
526 131 39 25
410 133 58 17
473 152 39 25
526 152 39 25
410 154 58 17
473 173 39 25
526 173 39 25
410 175 58 17
473 193 39 25
526 193 39 25
410 195 58 17
473 214 39 25
526 214 39 25
410 216 58 17
473 235 39 25
526 235 39 25
410 236 58 17
473 255 39 25
526 255 39 25
410 257 58 17
473 276 39 25
526 276 39 25
410 278 58 17
410 298 77 17
491 298 107 17
408 317 77 17
491 319 112 17
425 340 146 17
491 360 112 17
410 362 72 17
43 349 77 17
355 381 248 17
355 401 248 17
30 385 266 17
30 409 300 17
30 426 515 17
30 443 562 17
30 460 562 17
30 476 562 17
30 493 562 17
30 510 562 17
30 527 562 17
30 544 562 17
30 561 562 17
241 596 82 20
336 596 82 20
430 596 82 20
525 596 82 20
