# Where the 基本設定 dialog draws text with a Windows font
# on its 線種 tab, in the coordinates of its own picture (the
# whole 624x635 window).  The frame, the caption and the tab
# strip go with them: Windows draws those itself, the strip
# with a theme the port has no copy of.  Written by
# tools/mkkihon.py.

0 0 624 31
0 31 8 596
616 31 8 596
0 627 624 8
14 38 596 29
111 115 202 25
114 118 196 16
111 139 202 25
114 142 196 16
111 161 202 25
114 164 196 16
111 186 202 25
114 189 196 16
111 208 202 25
114 211 196 16
111 233 202 25
114 236 196 16
111 255 202 25
114 258 196 16
111 280 202 25
114 283 196 16
111 302 202 25
114 305 196 16
30 118 62 17
30 143 60 17
30 165 58 17
30 190 55 17
30 212 63 17
30 236 55 17
30 259 55 17
30 283 56 17
30 306 62 17
111 92 203 17
111 364 202 25
114 367 196 16
111 386 202 25
114 389 196 16
111 411 202 25
114 414 196 16
111 433 202 25
114 436 196 16
111 458 202 25
114 461 196 16
30 368 67 17
30 390 69 17
30 415 69 17
30 437 67 17
30 461 69 17
344 340 39 17
398 340 44 17
398 92 46 17
517 92 42 17
333 92 56 17
466 340 41 17
519 340 41 17
111 340 203 17
456 70 114 17
331 70 121 17
344 115 39 25
344 139 39 25
344 161 39 25
344 186 39 25
344 208 39 25
344 233 39 25
344 255 39 25
344 280 39 25
344 302 39 25
344 364 39 25
344 386 39 25
344 411 39 25
344 433 39 25
344 458 39 25
468 364 39 25
468 386 39 25
468 411 39 25
468 433 39 25
468 458 39 25
398 115 39 25
398 139 39 25
398 161 39 25
398 186 39 25
398 208 39 25
398 233 39 25
398 255 39 25
398 280 39 25
398 302 39 25
398 364 39 25
398 386 39 25
398 411 39 25
398 433 39 25
398 458 39 25
520 115 39 25
520 139 39 25
520 161 39 25
520 186 39 25
520 208 39 25
520 233 39 25
520 255 39 25
520 280 39 25
520 302 39 25
520 364 39 25
520 386 39 25
520 411 39 25
520 433 39 25
520 458 39 25
97 70 230 17
134 514 175 17
309 510 37 25
34 512 90 22
358 514 161 17
522 510 37 25
241 596 82 20
336 596 82 20
430 596 82 20
525 596 82 20
