# Where the 基本設定 dialog draws text with a Windows font
# on its 一般(2) tab, in the coordinates of its own picture (the
# whole 624x635 window).  The frame, the caption and the tab
# strip go with them: Windows draws those itself, the strip
# with a theme the port has no copy of.  Written by
# tools/mkkihon.py.

0 0 624 31
0 31 8 596
616 31 8 596
0 627 624 8
14 38 596 29
48 66 107 17
48 86 231 17
311 85 201 21
99 103 153 21
272 105 16 17
311 103 265 21
193 124 343 17
538 120 42 25
63 141 321 21
404 143 201 17
63 161 379 17
63 184 299 21
456 186 120 17
63 203 213 21
63 221 342 21
435 223 74 17
513 220 67 25
63 240 339 21
63 259 517 21
63 283 118 21
205 283 400 21
63 304 542 19
63 321 517 21
82 347 94 17
204 347 125 17
330 343 42 25
377 347 156 17
538 343 42 25
18 366 562 17
269 385 185 19
440 385 86 19
524 381 42 25
564 385 16 19
48 403 282 17
48 422 193 17
48 443 251 17
48 460 221 17
368 405 48 17
466 405 91 17
361 490 53 17
466 490 48 17
419 400 42 25
491 445 42 25
419 490 42 25
349 445 42 25
48 482 42 25
92 488 233 17
503 495 63 17
581 486 24 17
581 505 24 17
48 510 42 25
92 514 455 17
63 542 292 19
429 424 20 17
429 469 20 17
410 448 60 17
268 422 173 19
342 561 245 17
371 542 230 19
63 385 185 19
241 596 82 20
336 596 82 20
430 596 82 20
525 596 82 20
