# Where the 基本設定 dialog draws text with a Windows font
# on its AUTO tab, in the coordinates of its own picture (the
# whole 624x635 window).  The frame, the caption and the tab
# strip go with them: Windows draws those itself, the strip
# with a theme the port has no copy of.  Written by
# tools/mkkihon.py.

0 0 624 31
0 31 8 596
616 31 8 596
0 627 624 8
14 38 596 29
34 70 138 22
223 70 270 17
505 66 53 25
137 98 39 25
183 109 39 25
211 137 39 25
223 165 39 25
211 193 39 25
190 221 49 25
128 233 60 26
88 221 39 25
71 193 39 25
58 165 39 25
69 137 39 25
93 109 39 25
139 266 39 25
183 278 39 25
211 306 39 25
223 334 39 25
211 360 39 25
183 390 39 25
139 405 39 25
93 390 39 25
71 360 39 25
58 334 39 25
71 306 39 25
93 278 39 25
375 96 42 26
421 109 39 25
440 137 39 25
447 165 46 26
438 193 42 25
419 221 41 25
373 233 46 25
333 221 39 25
309 193 39 25
298 165 48 25
309 137 39 25
333 109 39 25
377 266 39 25
421 278 39 25
442 306 39 25
454 334 39 25
442 360 39 25
421 390 39 25
377 405 39 25
333 390 39 25
309 360 39 25
298 336 37 25
309 306 39 25
333 278 39 25
148 130 20 17
169 137 20 17
183 150 20 17
193 169 20 17
183 186 20 17
170 203 20 17
148 210 20 17
125 203 20 17
113 186 20 17
106 169 20 17
114 150 20 17
125 137 20 17
134 165 48 30
148 298 20 17
172 306 20 17
183 319 20 17
190 340 20 17
181 353 20 17
167 370 20 17
148 377 20 17
128 370 20 17
114 353 18 17
107 340 20 17
114 319 20 17
127 306 20 17
30 458 573 17
30 475 573 17
30 491 573 17
132 334 51 28
372 165 48 30
372 334 48 28
386 130 20 17
386 298 20 17
405 137 20 17
405 306 20 17
419 150 20 17
419 319 20 17
429 169 16 17
429 340 20 17
419 186 20 17
419 353 20 17
405 370 20 17
407 203 20 17
386 210 20 17
386 375 20 17
365 203 20 17
366 370 20 17
354 186 18 17
354 353 18 17
347 169 18 17
344 340 20 17
354 150 20 17
352 319 20 17
366 137 20 17
366 306 20 17
30 437 573 17
30 508 573 17
30 525 573 17
30 542 576 17
30 557 573 17
241 596 82 20
336 596 82 20
430 596 82 20
525 596 82 20
