# Where the 基本設定 dialog draws text with a Windows font, in
# the coordinates of docs/ref_kihon.png (the whole 624x635
# window).  The frame, the caption and the tab strip go with
# them: Windows draws those itself, the strip with a theme the
# port has no copy of.  Written by tools/mkkihon.py.

0 0 624 31
0 31 8 596
616 31 8 596
0 627 624 8
14 38 596 29
48 73 107 17
167 73 97 17
265 70 266 25
545 72 31 22
48 107 116 17
155 103 56 25
226 107 104 17
335 102 61 22
407 107 112 17
526 103 55 25
48 133 163 17
212 130 46 25
267 133 111 17
380 130 41 25
433 133 86 17
526 130 55 25
63 156 209 21
296 158 22 19
338 158 260 19
63 180 131 19
204 178 319 21
526 176 55 25
63 203 370 19
457 201 141 21
48 225 114 17
178 221 180 25
374 221 106 25
499 221 99 25
63 248 453 19
63 270 290 19
457 268 141 21
63 293 381 19
457 291 141 21
63 315 209 19
313 315 250 19
63 338 348 19
436 338 145 19
48 360 242 17
298 356 42 25
386 360 146 17
538 356 42 25
63 383 507 19
63 405 507 19
63 426 190 21
272 428 16 17
313 426 94 21
434 426 94 21
534 428 16 17
63 448 176 21
313 448 285 21
63 471 66 21
157 471 164 21
378 471 113 21
503 546 77 25
63 490 66 21
134 491 88 17
245 490 41 21
303 490 55 21
378 490 34 21
427 490 47 21
492 490 104 21
63 516 412 19
492 514 75 21
30 550 30 17
62 546 56 25
118 550 28 17
144 546 49 25
195 550 30 17
225 546 44 25
270 550 30 17
298 546 44 25
345 550 30 17
375 546 44 25
422 550 81 17
241 596 82 20
336 596 82 20
430 596 82 20
525 596 82 20
