# Where the 基本設定 dialog draws text with a Windows font
# on its 文字 tab, in the coordinates of its own picture (the
# whole 624x635 window).  The frame, the caption and the tab
# strip go with them: Windows draws those itself, the strip
# with a theme the port has no copy of.  Written by
# tools/mkkihon.py.

0 0 624 31
0 31 8 596
616 31 8 596
0 627 624 8
14 38 596 29
113 145 39 26
30 148 76 17
64 71 391 17
113 96 35 17
113 169 39 26
113 193 39 26
113 218 39 26
113 242 39 26
113 266 39 26
113 291 39 26
113 315 39 26
113 340 39 26
113 364 39 26
30 173 76 17
30 197 76 17
30 221 76 17
30 246 76 17
30 270 76 17
30 295 76 17
30 319 76 17
30 343 84 17
30 368 76 17
174 145 39 26
174 169 39 26
174 193 39 26
174 218 39 26
174 242 39 26
174 266 39 26
174 291 39 26
174 315 39 26
174 340 39 26
174 364 39 26
235 145 39 26
235 169 39 26
235 193 39 26
235 218 39 26
235 242 39 26
235 266 39 26
235 291 39 26
235 315 39 26
235 340 39 26
235 364 39 26
298 145 39 26
298 169 39 26
298 193 39 26
298 218 39 26
298 242 39 26
298 266 39 26
298 291 39 26
298 315 39 26
298 340 39 26
298 364 39 26
45 418 276 21
48 458 268 17
30 120 84 17
354 116 63 26
354 145 63 26
354 169 63 26
354 193 63 26
354 218 63 26
354 242 63 26
354 266 63 26
354 291 63 26
354 315 63 26
354 340 63 26
354 364 63 26
357 458 40 19
418 458 40 19
479 458 40 19
357 439 40 19
418 439 40 19
479 439 40 19
357 420 40 19
418 420 40 19
479 420 40 19
323 403 198 17
174 96 35 17
235 96 35 17
298 96 46 17
342 96 86 17
50 439 261 17
433 96 104 17
454 116 63 26
30 484 487 17
464 499 37 26
30 505 436 17
45 535 192 21
283 535 292 21
45 559 192 19
298 559 158 17
464 555 37 25
428 263 132 17
499 306 51 25
502 309 28 19
433 281 125 19
450 308 44 19
499 330 51 25
502 333 28 19
450 332 44 19
499 355 51 25
502 358 28 19
450 356 44 19
241 596 82 20
336 596 82 20
430 596 82 20
525 596 82 20
