# Where the 縮尺 dialog draws text with a Windows font, in
# the coordinates of docs/ref_layerdlg.png (the whole 294x410
# window).  The frame and the caption go with them.  Written by
# tools/mklayerdlg.py.

0 0 294 31
0 31 8 371
286 31 8 371
0 402 294 8
116 76 19 15
174 78 75 14
25 372 248 21
18 75 91 20
18 102 90 22
124 101 142 20
36 169 19 15
64 169 19 15
92 169 19 15
120 169 19 15
148 169 19 15
176 169 19 15
204 169 19 15
232 169 19 15
36 217 19 15
64 217 19 15
92 217 19 15
120 217 19 15
148 217 19 15
176 217 19 15
204 217 19 15
232 217 19 15
61 144 23 20
89 144 23 20
117 144 23 20
145 144 23 20
173 144 23 20
201 144 23 20
229 144 23 20
33 192 23 20
61 192 23 20
89 192 23 20
117 192 23 20
145 192 23 20
33 144 23 20
173 192 23 20
201 192 23 20
229 192 23 20
21 126 247 17
36 246 71 12
32 270 79 22
128 270 126 20
25 316 90 15
130 316 90 15
239 316 29 15
36 335 246 17
36 351 246 17
