# Where the 書込み文字種変更 dialog draws text with a Windows font, in
# the coordinates of docs/ref_moji.png (the whole 406x375 window).
# The frame and the caption go with them: Windows draws those itself.
#
#   python tools/cmp.py docs/ref_moji.png tests/out/moji.png -i docs/moji_textareas.txt

0 0 406 31
0 31 8 344
398 31 8 344
0 367 406 8
94 59 134 15
97 62 128 9
23 33 276 21
305 33 89 21
123 116 40 15
172 116 39 16
219 116 40 16
268 116 40 15
140 99 21 14
187 99 26 14
235 99 26 14
22 61 56 14
121 139 264 14
121 162 264 14
121 184 264 14
121 207 264 14
121 229 264 14
121 252 264 14
121 274 264 14
121 297 264 14
121 319 264 14
121 342 264 14
37 117 63 15
37 139 69 15
37 162 63 15
37 184 63 15
37 207 63 15
37 229 63 15
37 252 63 15
37 274 63 15
37 297 63 15
37 319 63 15
37 342 63 15
274 99 39 14
137 79 34 15
325 99 51 14
331 118 63 14
216 79 37 15
288 60 80 15
288 81 61 12
