# Where the 縮尺 dialog draws text with a Windows font, in
# the coordinates of docs/ref_shakudo.png (the whole 504x227
# window).  The frame and the caption go with them.  Written by
# tools/mkshakudo.py.

0 0 504 31
0 31 8 188
496 31 8 188
0 219 504 8
296 72 63 22
229 72 44 22
380 72 108 21
415 39 73 15
246 113 62 17
363 113 62 17
207 96 286 17
275 72 18 22
194 75 28 14
213 197 267 17
213 174 279 17
213 32 178 17
212 48 177 16
16 51 18 14
16 72 16 14
16 93 16 14
16 114 16 14
16 135 16 14
16 156 16 14
16 177 16 14
16 198 16 14
103 51 18 14
103 72 18 14
103 93 21 14
103 114 21 14
103 135 21 14
103 156 21 14
103 177 21 14
103 198 21 14
39 51 56 14
39 72 56 14
39 93 56 14
39 114 56 14
39 135 56 14
39 156 56 14
39 177 56 14
39 198 56 14
128 51 56 14
128 72 56 14
128 93 56 14
128 114 56 14
128 135 56 14
128 156 56 14
128 177 56 14
128 198 56 14
9 32 184 17
246 137 97 17
363 137 117 17
