# Where the 寸法設定 dialog draws text with a Windows font, in
# the coordinates of docs/ref_sunpodlg.png (the whole 384x590
# window).  The frame and the caption go with them.  Written by
# tools/mksunpodlg.py.

0 0 384 31
0 31 8 551
376 31 8 551
0 582 384 8
150 60 109 22
209 37 157 18
18 39 149 14
18 63 56 14
72 60 25 20
103 63 49 14
314 62 55 19
18 86 53 16
72 83 25 20
105 86 53 16
158 83 25 20
194 86 62 16
257 83 28 20
18 105 123 14
138 102 49 20
194 107 60 14
280 107 44 14
322 102 48 20
18 125 121 14
138 122 49 20
280 126 44 14
322 122 48 20
229 126 38 14
159 144 165 14
322 140 48 20
33 162 57 14
110 162 83 14
213 162 57 14
314 162 55 14
18 177 149 17
64 189 33 17
127 189 27 17
18 248 352 17
51 263 63 14
153 263 27 17
199 263 26 17
248 263 27 17
309 263 61 17
214 177 156 17
318 189 27 17
243 189 27 17
18 212 149 17
127 225 27 17
64 225 27 17
214 212 156 17
318 225 27 17
243 227 27 17
18 302 352 17
309 314 27 17
153 314 40 17
229 314 41 17
18 335 186 17
68 350 54 17
153 350 48 17
18 375 352 17
30 393 118 14
145 390 53 20
294 390 63 20
30 411 118 14
145 408 53 20
214 411 81 14
294 408 63 20
18 434 237 17
63 452 77 14
144 449 56 20
298 444 68 24
18 473 352 17
43 489 50 14
100 489 44 14
145 486 56 20
264 489 106 14
33 512 337 14
33 528 337 14
33 144 97 14
33 545 299 14
305 354 32 20
208 357 91 14
227 338 110 17
314 84 55 19
153 279 57 17
229 279 33 17
309 279 33 17
51 279 90 14
214 393 81 14
33 561 299 14
